5.526962009140100607e-01 2.614711126032796873e+00 -3.337727481732069013e-01 8.783103760896208978e-02 7.568416938023925233e-01 -1.801613201783223428e-01
7.359611576911618824e-01 2.680993193236253180e+00 -3.460550679672656504e-01 8.839162796673395717e-02 7.641072760461836699e-01 -1.789110439034506950e-01
5.488049139098322149e-01 2.595417762635812586e+00 -3.432826444981524894e-01 6.743289025292749372e-02 7.461417656115562069e-01 -1.733871427765496243e-01
4.823537856392814405e-01 2.832481187107884324e+00 -3.468695722182595365e-01 5.977385563318929340e-02 7.430289296236596286e-01 -1.582051035152697294e-01
1.134834763250142542e+00 2.644598209191536764e+00 -3.317366464114558378e-01 7.506512373270153582e-02 7.503121463460519225e-01 -1.819764061552335555e-01
6.796065982698605845e-01 2.635402698470447280e+00 -3.370730344701528547e-01 1.085267643148317557e-01 7.549070249385018139e-01 -1.743372083118761018e-01
5.838716868324003162e-01 2.511946484467607377e+00 -3.238981905770938474e-01 8.320178049183513114e-02 7.537967915747082470e-01 -1.825874585274660789e-01
2.430596871815078885e-01 2.249562749426632813e+00 -3.519483866131314920e-01 7.253361520049365907e-02 7.615285430755865947e-01 -1.688028908506353787e-01
6.678897267063096388e-01 2.630185705579700439e+00 -3.427048442555613028e-01 8.859814945509186801e-02 7.555003543102523089e-01 -1.680082092016670359e-01
2.356109293723117684e-02 2.516095500861811551e+00 -3.441608412868183975e-01 6.327574201607097382e-02 7.483221971699434150e-01 -1.569433394576266183e-01
6.652680659256281492e-01 2.417398449207708744e+00 -3.427477668564015145e-01 8.278457898500735102e-02 7.589905734561988027e-01 -1.594861413482673296e-01
1.190000276660313050e+00 2.690933897554319998e+00 -3.305518861514086804e-01 7.103876937621655951e-02 7.544086961041892581e-01 -1.833822945890966893e-01
7.366413510034889311e-01 2.548589267847812589e+00 -3.273551781842021224e-01 8.197022136737631970e-02 7.504640537467298644e-01 -1.759486569059384720e-01
8.258640350641776040e-01 2.605167969614821555e+00 -3.271336795019717525e-01 8.718304644604742137e-02 7.574241832641851468e-01 -1.765628613353051046e-01
7.889004647105664070e-01 2.610730270352434879e+00 -3.257476021078921091e-01 1.095807218151885060e-01 7.655095633458784965e-01 -1.860992268551114326e-01
5.515418363792132794e-01 2.401581780777946040e+00 -3.487795034892913759e-01 8.916634340229555311e-02 7.524490036247337699e-01 -1.647620331486404632e-01
5.028069134705661636e-01 2.367406259496995347e+00 -3.425288578468709821e-01 8.201936086890848632e-02 7.586240303967741738e-01 -1.635696128148219630e-01
7.703888052517792184e-01 2.644423738351359354e+00 -3.375298031909463869e-01 9.115091846328235436e-02 7.573567635434926837e-01 -1.693350607267323227e-01
1.663792290616517011e-01 2.272179350840167533e+00 -3.562770466630493238e-01 5.661511469715797135e-02 7.546238215141087835e-01 -1.533044096718194083e-01
7.003895010925994535e-01 2.433045501559782053e+00 -3.500562647789238757e-01 7.047909798195467479e-02 7.561568424658231535e-01 -1.645541850374919457e-01
7.613579035622326519e-01 2.678012080565370212e+00 -3.440593477021788860e-01 8.621646179261854837e-02 7.546422720674478279e-01 -1.718278492874657226e-01
3.868872941790673647e-01 2.719270375341349855e+00 -3.412331870021693692e-01 6.281224764581037900e-02 7.561116319819307652e-01 -1.640732036648265002e-01
9.924934953529517268e-01 2.789171761304134023e+00 -3.274701303931923935e-01 9.704350986094191500e-02 7.567708543447888569e-01 -1.842762252386630772e-01
-5.652091441996816013e-01 2.411939357677550078e+00 -3.455257917463893103e-01 4.659799669471406669e-02 7.385645880622158099e-01 -1.646753278907585327e-01
3.437018453626835557e-01 2.546807676971456491e+00 -3.630645969627488978e-01 6.080005487402474762e-02 7.492351831160589670e-01 -1.563501981453361556e-01
9.842324881485198240e-01 2.591929902026989474e+00 -3.290683191018439757e-01 8.005026364617867651e-02 7.518971395808793368e-01 -1.697232331482495804e-01
8.509881902223531691e-01 2.496516639965152606e+00 -3.156255050339907831e-01 9.179419535824812071e-02 7.567253978266788028e-01 -1.790516346899871103e-01
1.712720859406244578e-01 2.326351479084679319e+00 -3.450804102981566701e-01 5.514428364700919155e-02 7.487145583350234279e-01 -1.559664936564771065e-01
7.201509706002144906e-01 2.481082938488389900e+00 -3.460981008819992155e-01 1.031477832549425322e-01 7.672254670086727790e-01 -1.713468056620427726e-01
7.565433432071130282e-01 2.586253021318219325e+00 -3.324621178697543256e-01 9.193727032728972459e-02 7.543992542670796553e-01 -1.711726511123974059e-01
6.256347023433665999e-01 2.528340280859543654e+00 -3.513328066973215869e-01 8.739168228699192853e-02 7.613697354912426496e-01 -1.632197668183319461e-01
8.551084903700996165e-01 2.437042781312376949e+00 -3.424570110620262509e-01 1.115217067333103412e-01 7.630182975083862340e-01 -1.724478036946707205e-01
2.371978820437171676e-01 2.388149413332958826e+00 -3.635669373609399235e-01 5.644515889132413478e-02 7.507880720818770337e-01 -1.563342170990100477e-01
6.033735912401050339e-01 2.527437084568026737e+00 -3.436514322110789110e-01 7.216576074381397810e-02 7.584217045669721102e-01 -1.719305356105903515e-01
1.061056535819584701e+00 2.674432143105371029e+00 -3.392908855998517659e-01 9.709527593756019093e-02 7.599815866324434177e-01 -1.764285771706923522e-01
7.020837751449288122e-01 2.557620889115707286e+00 -3.386244142946829294e-01 6.853373175515979632e-02 7.480164117326315587e-01 -1.798813831113821593e-01
7.170143771121126886e-01 2.503725906384350886e+00 -3.369313023964679021e-01 9.477523056101770649e-02 7.652145634452320877e-01 -1.782233028977628364e-01
4.405925150354068065e-01 2.605421397827578200e+00 -3.405850074359681456e-01 5.846967423576427542e-02 7.503297048391039947e-01 -1.648911119304532769e-01
3.693615749486953703e-01 2.389228687167912035e+00 -3.477801057415053076e-01 5.890927316115864010e-02 7.555517534323471507e-01 -1.585955811921471448e-01
2.371832872606186027e-01 2.394235905457760882e+00 -3.526737190695004576e-01 6.715399418898501671e-02 7.534510696432544785e-01 -1.572215101636136037e-01
