2.354624593670126206e-02 2.324057501682882769e-03 4.558843395923031045e-05 2.193930525074657943e-05 2.019990225541649346e-06 6.894082535012325865e-07
2.047745418310654292e-02 1.630606579614967072e-03 4.628418218402169290e-05 2.746642019391045287e-05 2.427535393926316086e-06 7.154999111703700524e-07
2.702849662553592769e-02 2.490887571747587431e-03 5.649485089508340181e-05 2.516364372102951024e-05 2.550097771063651573e-06 1.045799299199172074e-06
3.061068999590519854e-02 3.125817053344078205e-03 7.190049544905858288e-05 2.614138434272085667e-05 3.244430594843308153e-06 1.163910081241502249e-06
2.369324401468661523e-02 2.394987829544462533e-03 5.313920483233705979e-05 2.712079922102902279e-05 2.449932600605402112e-06 8.617437747886659362e-07
1.946535990870847457e-02 1.669414802468892475e-03 4.191437307163706531e-05 2.409210744379152022e-05 2.229634398877653883e-06 6.269830757920075736e-07
2.199520059522667645e-02 2.703502533671493704e-03 5.400278522354612636e-05 2.456797484021184662e-05 2.733325301025312659e-06 1.195579527647018605e-06
2.279542511207472560e-02 2.468370100966474877e-03 5.138392575738468383e-05 2.589226588827728913e-05 2.934183367737805631e-06 1.257679999174001974e-06
2.789084278372460507e-02 2.224151856886939175e-03 4.177025906615622428e-05 2.366117308620072280e-05 2.204519575224932766e-06 8.325467394916208904e-07
2.845509580107087252e-02 2.541761545583569228e-03 5.815245155152853104e-05 2.405167677172517896e-05 3.256352249095919458e-06 1.202507900009605769e-06
2.394352104861110012e-02 2.224027708067899834e-03 4.297498631545618717e-05 2.172205296988444968e-05 2.206064595787611827e-06 1.019951381997000029e-06
2.542319797473074905e-02 2.216732764117544750e-03 4.389631251187344971e-05 2.358807124186826861e-05 2.333940313660542786e-06 6.980445744106586637e-07
2.422205478478364066e-02 2.345395274811223809e-03 4.684095160963633797e-05 2.170034119954417255e-05 2.213387694454036654e-06 6.991495856995964739e-07
2.532421678810959503e-02 2.026176770357926080e-03 3.952656248996422089e-05 2.513407119656506559e-05 2.401619720603939969e-06 7.259890401753193720e-07
1.942416934638802745e-02 1.549400400405102993e-03 3.919944083957637278e-05 2.252786581791051034e-05 2.098872050884185478e-06 6.232982287579620930e-07
2.153292796159195915e-02 2.086895626112041189e-03 4.643929473655563728e-05 2.714736663017022289e-05 2.456283041213735095e-06 7.901935579548983540e-07
2.046484911320546607e-02 2.364448988770110824e-03 4.431655484070146680e-05 2.250159085351386483e-05 2.098509357638138806e-06 9.054873244103381475e-07
2.601117706721830028e-02 2.144961083043612701e-03 4.684196684111580896e-05 2.760197232640151813e-05 2.336921623708608919e-06 6.905202792133585714e-07
2.320561266505952874e-02 2.863861180239284966e-03 7.098168914439911565e-05 2.942121526892072943e-05 4.105215669317306247e-06 1.761903362418912996e-06
2.384488321132348723e-02 2.395538037540949523e-03 4.889314417191572621e-05 2.738379356364228383e-05 2.553972541510798400e-06 9.335079807256186926e-07
2.378882391464494372e-02 1.834027343078298202e-03 4.347040946685185253e-05 2.321410489686843851e-05 2.237821532140203179e-06 6.255926185784672807e-07
2.566957059136387373e-02 2.401523610504960413e-03 4.516186000294380130e-05 2.168801600300142074e-05 2.223927900727960432e-06 7.103094120108839997e-07
2.231810418232555229e-02 1.644471594443396197e-03 4.155056256305882703e-05 2.153074762917040041e-05 1.979782573956404250e-06 6.607872320927484608e-07
4.144486604839226623e-02 5.105115547715342178e-03 1.940259325108904050e-04 6.456880768648760654e-05 1.224693625028444425e-05 6.950567899126548962e-06
3.058781429791131851e-02 3.216669547826085402e-03 6.424741035076779352e-05 2.834139248410546966e-05 3.651119911708630716e-06 1.409319799216943278e-06
2.519196069357093962e-02 2.648106602161541014e-03 4.934818909176678329e-05 2.384614586037922700e-05 2.537885975628565714e-06 7.667325738750607384e-07
2.209981011195473119e-02 1.844207764767907473e-03 4.695357016711373407e-05 2.579929842225211093e-05 2.411040658802898057e-06 7.140270666743921674e-07
2.395546584644448959e-02 2.921857106739409772e-03 6.081566767405041939e-05 2.662499579061687315e-05 3.719927766141426002e-06 1.584759151449028472e-06
1.943328869194193773e-02 1.711614834195208761e-03 4.504057383676314356e-05 2.485864498190835465e-05 2.284401287507542358e-06 6.888873382702802742e-07
2.118830034089740078e-02 1.724293865810278079e-03 4.256353194111586280e-05 2.317751153753934255e-05 2.231841093249061832e-06 6.913601243427700317e-07
2.653710911620679042e-02 1.928693561248700930e-03 4.041357123938307404e-05 2.298339903161207746e-05 2.396490779616889392e-06 6.703085068695462411e-07
2.061595163717994117e-02 1.907742499724906018e-03 4.502005734231696984e-05 2.554415370729220947e-05 2.451152565294693895e-06 8.270866011795146389e-07
2.672436151869830509e-02 3.093246023692541001e-03 6.616593173584776476e-05 2.807545030190335808e-05 3.954039160164265449e-06 1.573314664048698335e-06
2.285325182901106270e-02 2.331084355864794858e-03 4.627139818373681487e-05 2.338139020043578353e-05 2.272351303660178860e-06 7.112728639800324710e-07
2.226432531036984241e-02 1.822030598478942059e-03 3.951613810905035210e-05 2.373693602916978674e-05 2.016711003999465734e-06 6.472247825650412038e-07
2.434282880854012412e-02 2.644792380020081352e-03 5.674012197403645059e-05 2.414468849262452291e-05 2.869087482280047193e-06 1.124065289597675279e-06
2.087630288119720137e-02 1.801868481926773751e-03 4.554280641209907613e-05 2.336851301066116717e-05 2.292110079411795097e-06 7.241180099251559398e-07
2.564675859846500539e-02 2.874154898069011810e-03 5.468025524834089438e-05 2.319093268502582354e-05 2.841139443768106662e-06 9.759736089509651958e-07
2.424070746091135098e-02 2.658635120856946751e-03 5.893761619059324167e-05 2.450011231295166274e-05 3.244849835370815228e-06 1.269266246502906354e-06
2.335030767965073917e-02 2.524659588437531185e-03 5.170804201987717495e-05 2.304546267183688513e-05 2.567993635385712664e-06 1.061160517078326755e-06
