# M_low [Msun/h] M_high[Msun/h] Number M_total[Msun/h]
1.277734000000000059e+01 1.289068999999999932e+01 7.999000000000000000e+03 5.397750000000000000e+16
1.289068999999999932e+01 1.300404999999999944e+01 4.460000000000000000e+03 3.913180000000000000e+16
1.300404999999999944e+01 1.311739999999999995e+01 2.163000000000000000e+03 2.455011000000000000e+16
1.311739999999999995e+01 1.323075000000000045e+01 1.049000000000000000e+03 1.542681000000000000e+16
1.323075000000000045e+01 1.334411000000000058e+01 4.810000000000000000e+02 9.215498000000000000e+15
1.334411000000000058e+01 1.345745999999999931e+01 2.030000000000000000e+02 5.001343000000000000e+15
1.345745999999999931e+01 1.357080999999999982e+01 8.100000000000000000e+01 2.570144000000000000e+15
1.357080999999999982e+01 1.368416999999999994e+01 3.600000000000000000e+01 1.515400000000000000e+15
1.368416999999999994e+01 1.379752000000000045e+01 9.000000000000000000e+00 4.719470000000000000e+14
1.379752000000000045e+01 1.391088000000000058e+01 2.000000000000000000e+00 1.476830000000000000e+14
