# M_low [Msun/h] M_high[Msun/h] Number M_total[Msun/h]
1.277734000000000059e+01 1.304012999999999955e+01 3.401790000000000000e+05 2.717552000000000000e+18
1.304012999999999955e+01 1.330291000000000068e+01 1.896460000000000000e+05 2.773645000000000000e+18
1.330291000000000068e+01 1.356569999999999965e+01 1.022110000000000000e+05 2.729178000000000000e+18
1.356569999999999965e+01 1.382848000000000077e+01 5.227000000000000000e+04 2.548263000000000000e+18
1.382848000000000077e+01 1.409126999999999974e+01 2.468300000000000000e+04 2.196928000000000000e+18
1.409126999999999974e+01 1.435405000000000086e+01 1.043300000000000000e+04 1.686971000000000000e+18
1.435405000000000086e+01 1.461683999999999983e+01 3.703000000000000000e+03 1.085776000000000000e+18
1.461683999999999983e+01 1.487961999999999918e+01 1.040000000000000000e+03 5.419247000000000000e+17
1.487961999999999918e+01 1.514240999999999993e+01 2.040000000000000000e+02 1.929971000000000000e+17
1.514240999999999993e+01 1.540518999999999927e+01 2.000000000000000000e+01 3.511960000000000000e+16
