# M_low [Msun/h] M_high[Msun/h] Number M_total[Msun/h]
1.277734000000000059e+01 1.300894000000000084e+01 2.586230000000000000e+05 1.993671000000000000e+18
1.300894000000000084e+01 1.324055000000000071e+01 1.456110000000000000e+05 1.912223000000000000e+18
1.324055000000000071e+01 1.347214999999999918e+01 7.754400000000000000e+04 1.733105000000000000e+18
1.347214999999999918e+01 1.370376000000000083e+01 3.929400000000000000e+04 1.491096000000000000e+18
1.370376000000000083e+01 1.393535999999999930e+01 1.830600000000000000e+04 1.179620000000000000e+18
1.393535999999999930e+01 1.416696999999999917e+01 7.440000000000000000e+03 8.117816000000000000e+17
1.416696999999999917e+01 1.439856999999999942e+01 2.639000000000000000e+03 4.867096000000000000e+17
1.439856999999999942e+01 1.463017999999999930e+01 6.750000000000000000e+02 2.067010000000000000e+17
1.463017999999999930e+01 1.486177999999999955e+01 1.450000000000000000e+02 7.581834000000000000e+16
1.486177999999999955e+01 1.509338999999999942e+01 2.400000000000000000e+01 2.052760000000000000e+16
