# M_low [Msun/h] M_high[Msun/h] Number M_total[Msun/h]
1.277734000000000059e+01 1.298649999999999949e+01 2.001880000000000000e+05 1.503930000000000000e+18
1.298649999999999949e+01 1.319566000000000017e+01 1.124600000000000000e+05 1.367818000000000000e+18
1.319566000000000017e+01 1.340482000000000085e+01 6.033900000000000000e+04 1.185189000000000000e+18
1.340482000000000085e+01 1.361397999999999975e+01 3.065400000000000000e+04 9.718634000000000000e+17
1.361397999999999975e+01 1.382314000000000043e+01 1.416500000000000000e+04 7.241641000000000000e+17
1.382314000000000043e+01 1.403229999999999933e+01 5.868000000000000000e+03 4.841091000000000000e+17
1.403229999999999933e+01 1.424145000000000039e+01 2.093000000000000000e+03 2.770376000000000000e+17
1.424145000000000039e+01 1.445060999999999929e+01 5.760000000000000000e+02 1.220511000000000000e+17
1.445060999999999929e+01 1.465976999999999997e+01 1.190000000000000000e+02 4.048446000000000000e+16
1.465976999999999997e+01 1.486893000000000065e+01 2.000000000000000000e+01 1.069333000000000000e+16
