# M_low [Msun/h] M_high[Msun/h] Number M_total[Msun/h]
1.277734000000000059e+01 1.305554000000000059e+01 3.680000000000000000e+05 2.989118000000000000e+18
1.305554000000000059e+01 1.333375000000000021e+01 2.025280000000000000e+05 3.122216000000000000e+18
1.333375000000000021e+01 1.361195000000000022e+01 1.073640000000000000e+05 3.132868000000000000e+18
1.361195000000000022e+01 1.389015000000000022e+01 5.430700000000000000e+04 2.996496000000000000e+18
1.389015000000000022e+01 1.416835000000000022e+01 2.537100000000000000e+04 2.646905000000000000e+18
1.416835000000000022e+01 1.444655999999999985e+01 1.037400000000000000e+04 2.034731000000000000e+18
1.444655999999999985e+01 1.472475999999999985e+01 3.657000000000000000e+03 1.350862000000000000e+18
1.472475999999999985e+01 1.500295999999999985e+01 9.080000000000000000e+02 6.209130000000000000e+17
1.500295999999999985e+01 1.528116999999999948e+01 1.720000000000000000e+02 2.190814000000000000e+17
1.528116999999999948e+01 1.555936999999999948e+01 1.100000000000000000e+01 2.637640000000000000e+16
