# M_low [Msun/h] M_high[Msun/h] Number M_total[Msun/h]
1.277734000000000059e+01 1.294562999999999953e+01 5.983300000000000000e+04 4.285973000000000000e+17
1.294562999999999953e+01 1.311391000000000062e+01 3.098200000000000000e+04 3.265380000000000000e+17
1.311391000000000062e+01 1.328219999999999956e+01 1.502400000000000000e+04 2.327475000000000000e+17
1.328219999999999956e+01 1.345049000000000028e+01 6.850000000000000000e+03 1.563532000000000000e+17
1.345049000000000028e+01 1.361876999999999960e+01 2.746000000000000000e+03 9.154785000000000000e+16
1.361876999999999960e+01 1.378706000000000031e+01 9.120000000000000000e+02 4.458248000000000000e+16
1.378706000000000031e+01 1.395534999999999926e+01 2.920000000000000000e+02 2.098999000000000000e+16
1.395534999999999926e+01 1.412363000000000035e+01 6.800000000000000000e+01 7.139784000000000000e+15
1.412363000000000035e+01 1.429191999999999929e+01 1.400000000000000000e+01 2.244100000000000000e+15
1.429191999999999929e+01 1.446021000000000001e+01 1.000000000000000000e+00 1.970900000000000000e+14
