# M_low [Msun/h] M_high[Msun/h] Number M_total[Msun/h]
1.277734000000000059e+01 1.302088000000000001e+01 2.885730000000000000e+05 2.255236000000000000e+18
1.302088000000000001e+01 1.326443000000000083e+01 1.609510000000000000e+05 2.202708000000000000e+18
1.326443000000000083e+01 1.350797000000000025e+01 8.630300000000000000e+04 2.062350000000000000e+18
1.350797000000000025e+01 1.375150999999999968e+01 4.332400000000000000e+04 1.807737000000000000e+18
1.375150999999999968e+01 1.399506000000000050e+01 2.017000000000000000e+04 1.468142000000000000e+18
1.399506000000000050e+01 1.423859999999999992e+01 8.317000000000000000e+03 1.053551000000000000e+18
1.423859999999999992e+01 1.448213999999999935e+01 2.909000000000000000e+03 6.394326000000000000e+17
1.448213999999999935e+01 1.472569000000000017e+01 7.280000000000000000e+02 2.757649000000000000e+17
1.472569000000000017e+01 1.496922999999999959e+01 1.380000000000000000e+02 9.093430000000000000e+16
1.496922999999999959e+01 1.521277000000000079e+01 1.700000000000000000e+01 1.875524000000000000e+16
