3.303572000000000000e+06 1.820431000000000000e+06 1.076262000000000000e+06 6.922499000000000233e+05 3.807355000000000000e+05 1.888386000000000058e+05 8.594836999999999534e+04 2.396638000000000102e+04 6.533615999999999985e+03 5.800719000000000278e+02
1.820431000000000000e+06 1.365017000000000000e+06 6.882199000000000233e+05 4.368532000000000116e+05 2.463477999999999884e+05 1.195366000000000058e+05 5.017704000000000087e+04 1.399663999999999942e+04 3.712543000000000120e+03 2.878623999999999796e+02
1.076262000000000000e+06 6.882199000000000233e+05 5.064629000000000233e+05 2.543028999999999942e+05 1.448217999999999884e+05 6.914185000000000582e+04 3.120363000000000102e+04 8.610711999999999534e+03 2.009747000000000071e+03 1.497460000000000093e+02
6.922499000000000233e+05 4.368532000000000116e+05 2.543028999999999942e+05 2.230503999999999942e+05 9.296533999999999651e+04 4.574227999999999884e+04 2.167725000000000000e+04 5.557436999999999898e+03 1.265982999999999947e+03 1.341202999999999861e+02
3.807355000000000000e+05 2.463477999999999884e+05 1.448217999999999884e+05 9.296533999999999651e+04 7.745014999999999418e+04 2.603691999999999825e+04 1.181570000000000073e+04 3.170764000000000124e+03 7.206561000000000377e+02 3.712655999999999779e+01
1.888386000000000058e+05 1.195366000000000058e+05 6.914185000000000582e+04 4.574227999999999884e+04 2.603691999999999825e+04 2.391124000000000160e+04 6.381029999999999745e+03 1.406778000000000020e+03 3.919789999999999850e+02 2.518899000000000044e+01
8.594836999999999534e+04 5.017704000000000087e+04 3.120363000000000102e+04 2.167725000000000000e+04 1.181570000000000073e+04 6.381029999999999745e+03 6.740619999999999891e+03 7.732056000000000040e+02 1.355823000000000036e+02 2.948526999999999987e+01
2.396638000000000102e+04 1.399663999999999942e+04 8.610711999999999534e+03 5.557436999999999898e+03 3.170764000000000124e+03 1.406778000000000020e+03 7.732056000000000040e+02 1.099348999999999933e+03 6.693152000000000612e+01 5.177368000000000414e+00
6.533615999999999985e+03 3.712543000000000120e+03 2.009747000000000071e+03 1.265982999999999947e+03 7.206561000000000377e+02 3.919789999999999850e+02 1.355823000000000036e+02 6.693152000000000612e+01 1.984788000000000068e+02 3.594527999999999945e+00
5.800719000000000278e+02 2.878623999999999796e+02 1.497460000000000093e+02 1.341202999999999861e+02 3.712655999999999779e+01 2.518899000000000044e+01 2.948526999999999987e+01 5.177368000000000414e+00 3.594527999999999945e+00 9.785538000000000736e+00
