# M_low [Msun/h] M_high[Msun/h] Number M_total[Msun/h]
1.277734000000000059e+01 1.306343999999999994e+01 3.831190000000000000e+05 3.140610000000000000e+18
1.306343999999999994e+01 1.334953999999999930e+01 2.093350000000000000e+05 3.315726000000000000e+18
1.334953999999999930e+01 1.363565000000000005e+01 1.111020000000000000e+05 3.391194000000000000e+18
1.363565000000000005e+01 1.392174999999999940e+01 5.594200000000000000e+04 3.287435000000000000e+18
1.392174999999999940e+01 1.420785000000000053e+01 2.615300000000000000e+04 2.955275000000000000e+18
1.420785000000000053e+01 1.449394999999999989e+01 1.079100000000000000e+04 2.338158000000000000e+18
1.449394999999999989e+01 1.478004999999999924e+01 3.761000000000000000e+03 1.561841000000000000e+18
1.478004999999999924e+01 1.506616000000000000e+01 9.120000000000000000e+02 7.112074000000000000e+17
1.506616000000000000e+01 1.535225999999999935e+01 1.740000000000000000e+02 2.558893000000000000e+17
1.535225999999999935e+01 1.563836000000000048e+01 1.000000000000000000e+01 2.817230000000000000e+16
