# M_low [Msun/h] M_high[Msun/h] Number M_total[Msun/h]
1.277734000000000059e+01 1.299258999999999986e+01 2.260540000000000000e+05 1.711860000000000000e+18
1.299258999999999986e+01 1.320783999999999914e+01 1.277040000000000000e+05 1.586798000000000000e+18
1.320783999999999914e+01 1.342309999999999981e+01 7.008900000000000000e+04 1.425563000000000000e+18
1.342309999999999981e+01 1.363835000000000086e+01 3.626000000000000000e+04 1.208066000000000000e+18
1.363835000000000086e+01 1.385360000000000014e+01 1.706700000000000000e+04 9.286417000000000000e+17
1.385360000000000014e+01 1.406884999999999941e+01 7.362000000000000000e+03 6.551029000000000000e+17
1.406884999999999941e+01 1.428410000000000046e+01 2.720000000000000000e+03 3.948864000000000000e+17
1.428410000000000046e+01 1.449934999999999974e+01 7.820000000000000000e+02 1.830522000000000000e+17
1.449934999999999974e+01 1.471461000000000041e+01 1.750000000000000000e+02 6.752669000000000000e+16
1.471461000000000041e+01 1.492985999999999969e+01 3.900000000000000000e+01 2.337529000000000000e+16
