# M_low [Msun/h] M_high[Msun/h] Number M_total[Msun/h]
1.277734000000000059e+01 1.302582999999999913e+01 3.113840000000000000e+05 2.448460000000000000e+18
1.302582999999999913e+01 1.327431999999999945e+01 1.754670000000000000e+05 2.444665000000000000e+18
1.327431999999999945e+01 1.352280999999999977e+01 9.550100000000000000e+04 2.352091000000000000e+18
1.352280999999999977e+01 1.377130000000000010e+01 4.931200000000000000e+04 2.145852000000000000e+18
1.377130000000000010e+01 1.401979000000000042e+01 2.341300000000000000e+04 1.800147000000000000e+18
1.401979000000000042e+01 1.426828000000000074e+01 1.010600000000000000e+04 1.368437000000000000e+18
1.426828000000000074e+01 1.451676999999999929e+01 3.718000000000000000e+03 8.844699000000000000e+17
1.451676999999999929e+01 1.476525999999999961e+01 1.051000000000000000e+03 4.333155000000000000e+17
1.476525999999999961e+01 1.501374999999999993e+01 2.220000000000000000e+02 1.597398000000000000e+17
1.501374999999999993e+01 1.526224000000000025e+01 2.600000000000000000e+01 3.419820000000000000e+16
