# M_low [Msun/h] M_high[Msun/h] Number M_total[Msun/h]
1.285141999999999918e+01 1.305587000000000053e+01 1.948790000000000000e+05 1.728528000000000000e+18
1.305587000000000053e+01 1.326032000000000011e+01 1.081290000000000000e+05 1.534023000000000000e+18
1.326032000000000011e+01 1.346476999999999968e+01 5.785200000000000000e+04 1.310446000000000000e+18
1.346476999999999968e+01 1.366921999999999926e+01 2.860000000000000000e+04 1.034418000000000000e+18
1.366921999999999926e+01 1.387365999999999921e+01 1.296700000000000000e+04 7.491577000000000000e+17
1.387365999999999921e+01 1.407811000000000057e+01 5.172000000000000000e+03 4.748538000000000000e+17
1.407811000000000057e+01 1.428256000000000014e+01 1.777000000000000000e+03 2.598018000000000000e+17
1.428256000000000014e+01 1.448700999999999972e+01 4.980000000000000000e+02 1.152762000000000000e+17
1.448700999999999972e+01 1.469145999999999930e+01 1.040000000000000000e+02 3.754039000000000000e+16
1.469145999999999930e+01 1.489589999999999925e+01 1.200000000000000000e+01 7.338060000000000000e+15
