# M_low [Msun/h] M_high[Msun/h] Number M_total[Msun/h]
1.285141999999999918e+01 1.304993999999999943e+01 1.673550000000000000e+05 1.472519000000000000e+18
1.304993999999999943e+01 1.324845999999999968e+01 9.246100000000000000e+04 1.282094000000000000e+18
1.324845999999999968e+01 1.344697999999999993e+01 4.873300000000000000e+04 1.066401000000000000e+18
1.344697999999999993e+01 1.364550000000000018e+01 2.329200000000000000e+04 8.035930000000000000e+17
1.364550000000000018e+01 1.384401000000000082e+01 1.047500000000000000e+04 5.681640000000000000e+17
1.384401000000000082e+01 1.404252999999999929e+01 4.002000000000000000e+03 3.408850000000000000e+17
1.404252999999999929e+01 1.424104999999999954e+01 1.362000000000000000e+03 1.817929000000000000e+17
1.424104999999999954e+01 1.443956999999999979e+01 3.830000000000000000e+02 7.991677000000000000e+16
1.443956999999999979e+01 1.463808000000000042e+01 7.200000000000000000e+01 2.372148000000000000e+16
1.463808000000000042e+01 1.483660000000000068e+01 5.000000000000000000e+00 2.626770000000000000e+15
