# M_low [Msun/h] M_high[Msun/h] Number M_total[Msun/h]
1.285141999999999918e+01 1.308361000000000018e+01 2.859270000000000000e+05 2.618010000000000000e+18
1.308361000000000018e+01 1.331579999999999941e+01 1.608360000000000000e+05 2.510309000000000000e+18
1.331579999999999941e+01 1.354799000000000042e+01 8.704600000000000000e+04 2.315319000000000000e+18
1.354799000000000042e+01 1.378017999999999965e+01 4.399100000000000000e+04 1.988411000000000000e+18
1.378017999999999965e+01 1.401235999999999926e+01 2.047200000000000000e+04 1.574859000000000000e+18
1.401235999999999926e+01 1.424455000000000027e+01 8.322000000000000000e+03 1.088408000000000000e+18
1.424455000000000027e+01 1.447673999999999950e+01 2.924000000000000000e+03 6.435841000000000000e+17
1.447673999999999950e+01 1.470893000000000050e+01 8.100000000000000000e+02 2.996893000000000000e+17
1.470893000000000050e+01 1.494111000000000011e+01 1.610000000000000000e+02 9.822974000000000000e+16
1.494111000000000011e+01 1.517329999999999934e+01 1.800000000000000000e+01 1.924965000000000000e+16
