2.386986000000000000e+06 1.409708000000000000e+06 8.551440999999999767e+05 5.149764000000000233e+05 2.930622999999999884e+05 1.466967999999999884e+05 6.172766999999999825e+04 2.226354000000000087e+04 5.406747000000000298e+03 5.249415000000000191e+02
1.409708000000000000e+06 1.104953000000000000e+06 5.776794000000000233e+05 3.396880999999999767e+05 1.943118999999999942e+05 9.690432000000000698e+04 4.010341999999999825e+04 1.389560000000000036e+04 3.842110000000000127e+03 4.376668999999999983e+02
8.551440999999999767e+05 5.776794000000000233e+05 4.463102999999999884e+05 2.057863999999999942e+05 1.221811999999999971e+05 6.226018000000000029e+04 2.450952999999999884e+04 9.188376000000000204e+03 2.264764999999999873e+03 2.470750999999999920e+02
5.149764000000000233e+05 3.396880999999999767e+05 2.057863999999999942e+05 1.761792000000000116e+05 7.167077999999999884e+04 3.586241999999999825e+04 1.429045999999999913e+04 5.664813000000000102e+03 1.298653999999999996e+03 1.753288000000000011e+02
2.930622999999999884e+05 1.943118999999999942e+05 1.221811999999999971e+05 7.167077999999999884e+04 6.868955000000000291e+04 2.139902000000000044e+04 8.645658999999999651e+03 3.557639000000000124e+03 7.957474999999999454e+02 1.111106999999999942e+02
1.466967999999999884e+05 9.690432000000000698e+04 6.226018000000000029e+04 3.586241999999999825e+04 2.139902000000000044e+04 2.090538000000000102e+04 4.707666000000000167e+03 1.676049999999999955e+03 3.332131999999999721e+02 4.472887000000000057e+01
6.172766999999999825e+04 4.010341999999999825e+04 2.450952999999999884e+04 1.429045999999999913e+04 8.645658999999999651e+03 4.707666000000000167e+03 5.204619999999999891e+03 6.545901000000000067e+02 2.004710000000000036e+02 2.687708999999999904e+01
2.226354000000000087e+04 1.389560000000000036e+04 9.188376000000000204e+03 5.664813000000000102e+03 3.557639000000000124e+03 1.676049999999999955e+03 6.545901000000000067e+02 1.288522999999999911e+03 6.812645000000000550e+01 1.590246999999999922e+01
5.406747000000000298e+03 3.842110000000000127e+03 2.264764999999999873e+03 1.298653999999999996e+03 7.957474999999999454e+02 3.332131999999999721e+02 2.004710000000000036e+02 6.812645000000000550e+01 1.817984999999999900e+02 -9.473648000000000069e-01
5.249415000000000191e+02 4.376668999999999983e+02 2.470750999999999920e+02 1.753288000000000011e+02 1.111106999999999942e+02 4.472887000000000057e+01 2.687708999999999904e+01 1.590246999999999922e+01 -9.473648000000000069e-01 2.101357000000000141e+01
