1.194038000000000029e+05 4.943016000000000349e+04 2.710049000000000160e+04 1.597192000000000007e+04 7.840556999999999789e+03 3.840777000000000044e+03 8.603592999999999620e+02 3.760998999999999910e+02 -1.051262999999999970e+01 3.069189000000000078e+01
4.943016000000000349e+04 5.319077999999999884e+04 1.810311999999999898e+04 9.568103999999999360e+03 5.015730999999999767e+03 2.762750000000000000e+03 1.000198999999999955e+03 1.999213000000000022e+02 8.834274000000000626e+01 -7.251433999999999713e+00
2.710049000000000160e+04 1.810311999999999898e+04 2.207604999999999927e+04 5.497478000000000065e+03 3.055393999999999778e+03 1.655545000000000073e+03 4.451639999999999873e+02 1.709857000000000085e+02 3.222794999999999987e+01 1.259060000000000024e+01
1.597192000000000007e+04 9.568103999999999360e+03 5.497478000000000065e+03 8.515489999999999782e+03 1.505165999999999940e+03 6.751748000000000047e+02 2.268023000000000025e+02 4.215968000000000160e+01 3.247355999999999909e+01 2.801159000000000177e+00
7.840556999999999789e+03 5.015730999999999767e+03 3.055393999999999778e+03 1.505165999999999940e+03 3.432780000000000200e+03 4.686181000000000267e+02 1.514886999999999944e+02 2.976207000000000136e+01 -1.730012999999999934e+01 -7.582816999999999474e-01
3.840777000000000044e+03 2.762750000000000000e+03 1.655545000000000073e+03 6.751748000000000047e+02 4.686181000000000267e+02 1.177064000000000078e+03 9.068971000000000515e+01 4.215189000000000163e+01 7.497047000000000239e+00 6.163719000000000392e+00
8.603592999999999620e+02 1.000198999999999955e+03 4.451639999999999873e+02 2.268023000000000025e+02 1.514886999999999944e+02 9.068971000000000515e+01 3.955930000000000177e+02 -4.756317000000000128e+00 8.245582999999999885e+00 -5.730971999999999733e-01
3.760998999999999910e+02 1.999213000000000022e+02 1.709857000000000085e+02 4.215968000000000160e+01 2.976207000000000136e+01 4.215189000000000163e+01 -4.756317000000000128e+00 9.528229000000000326e+01 3.267043999999999837e+00 1.099410999999999916e+00
-1.051262999999999970e+01 8.834274000000000626e+01 3.222794999999999987e+01 3.247355999999999909e+01 -1.730012999999999934e+01 7.497047000000000239e+00 8.245582999999999885e+00 3.267043999999999837e+00 4.330393000000000114e+01 -4.191017000000000214e-01
3.069189000000000078e+01 -7.251433999999999713e+00 1.259060000000000024e+01 2.801159000000000177e+00 -7.582816999999999474e-01 6.163719000000000392e+00 -5.730971999999999733e-01 1.099410999999999916e+00 -4.191017000000000214e-01 4.941501999999999839e+00
