# M_low [Msun/h] M_high[Msun/h] Number M_total[Msun/h]
1.285141999999999918e+01 1.310005999999999915e+01 3.419940000000000000e+05 3.190291000000000000e+18
1.310005999999999915e+01 1.334871000000000052e+01 1.943450000000000000e+05 3.214000000000000000e+18
1.334871000000000052e+01 1.359735000000000049e+01 1.073240000000000000e+05 3.138989000000000000e+18
1.359735000000000049e+01 1.384599000000000046e+01 5.529900000000000000e+04 2.857437000000000000e+18
1.384599000000000046e+01 1.409463000000000044e+01 2.656000000000000000e+04 2.421562000000000000e+18
1.409463000000000044e+01 1.434327000000000041e+01 1.147000000000000000e+04 1.846994000000000000e+18
1.434327000000000041e+01 1.459191000000000038e+01 4.112000000000000000e+03 1.157581000000000000e+18
1.459191000000000038e+01 1.484055999999999997e+01 1.218000000000000000e+03 5.986527000000000000e+17
1.484055999999999997e+01 1.508919999999999995e+01 2.570000000000000000e+02 2.198680000000000000e+17
1.508919999999999995e+01 1.533783999999999992e+01 2.900000000000000000e+01 4.324610000000000000e+16
