# M_low [Msun/h] M_high[Msun/h] Number M_total[Msun/h]
1.285141999999999918e+01 1.311097999999999963e+01 3.660030000000000000e+05 3.454166000000000000e+18
1.311097999999999963e+01 1.337053000000000047e+01 2.051630000000000000e+05 3.521038000000000000e+18
1.337053000000000047e+01 1.363007999999999953e+01 1.120910000000000000e+05 3.489476000000000000e+18
1.363007999999999953e+01 1.388963000000000036e+01 5.721900000000000000e+04 3.224654000000000000e+18
1.388963000000000036e+01 1.414917999999999942e+01 2.717600000000000000e+04 2.773421000000000000e+18
1.414917999999999942e+01 1.440873000000000026e+01 1.142500000000000000e+04 2.107662000000000000e+18
1.440873000000000026e+01 1.466829000000000072e+01 4.034000000000000000e+03 1.339198000000000000e+18
1.466829000000000072e+01 1.492783999999999978e+01 1.145000000000000000e+03 6.742151000000000000e+17
1.492783999999999978e+01 1.518739000000000061e+01 2.110000000000000000e+02 2.222940000000000000e+17
1.518739000000000061e+01 1.544693999999999967e+01 2.000000000000000000e+01 3.713450000000000000e+16
