# M_low [Msun/h] M_high[Msun/h] Number M_total[Msun/h]
1.285141999999999918e+01 1.309267000000000003e+01 3.149040000000000000e+05 2.911879000000000000e+18
1.309267000000000003e+01 1.333390999999999948e+01 1.791180000000000000e+05 2.885788000000000000e+18
1.333390999999999948e+01 1.357515000000000072e+01 9.701100000000000000e+04 2.718235000000000000e+18
1.357515000000000072e+01 1.381639000000000017e+01 4.927600000000000000e+04 2.399055000000000000e+18
1.381639000000000017e+01 1.405763999999999925e+01 2.317200000000000000e+04 1.955803000000000000e+18
1.405763999999999925e+01 1.429888000000000048e+01 9.709000000000000000e+03 1.420462000000000000e+18
1.429888000000000048e+01 1.454011999999999993e+01 3.446000000000000000e+03 8.640756000000000000e+17
1.454011999999999993e+01 1.478135999999999939e+01 9.790000000000000000e+02 4.249004000000000000e+17
1.478135999999999939e+01 1.502261000000000024e+01 1.850000000000000000e+02 1.365300000000000000e+17
1.502261000000000024e+01 1.526384999999999970e+01 2.200000000000000000e+01 2.865790000000000000e+16
