# M_low [Msun/h] M_high[Msun/h] Number M_total[Msun/h]
1.285141999999999918e+01 1.307820000000000071e+01 2.587480000000000000e+05 2.353198000000000000e+18
1.307820000000000071e+01 1.330498000000000047e+01 1.433870000000000000e+05 2.196186000000000000e+18
1.330498000000000047e+01 1.353175000000000061e+01 7.630600000000000000e+04 1.965240000000000000e+18
1.353175000000000061e+01 1.375853000000000037e+01 3.744100000000000000e+04 1.620045000000000000e+18
1.375853000000000037e+01 1.398531000000000013e+01 1.703800000000000000e+04 1.235808000000000000e+18
1.398531000000000013e+01 1.421208000000000027e+01 6.693000000000000000e+03 8.144524000000000000e+17
1.421208000000000027e+01 1.443886000000000003e+01 2.226000000000000000e+03 4.510171000000000000e+17
1.443886000000000003e+01 1.466563999999999979e+01 5.740000000000000000e+02 1.960172000000000000e+17
1.466563999999999979e+01 1.489240999999999993e+01 9.900000000000000000e+01 5.430194000000000000e+16
1.489240999999999993e+01 1.511918999999999969e+01 1.200000000000000000e+01 1.142571000000000000e+16
