# M_low [Msun/h] M_high[Msun/h] Number M_total[Msun/h]
1.285141999999999918e+01 1.307160000000000011e+01 2.299950000000000000e+05 2.075318000000000000e+18
1.307160000000000011e+01 1.329176999999999964e+01 1.257960000000000000e+05 1.882754000000000000e+18
1.329176999999999964e+01 1.351193999999999917e+01 6.591600000000000000e+04 1.632805000000000000e+18
1.351193999999999917e+01 1.373212000000000010e+01 3.188700000000000000e+04 1.307696000000000000e+18
1.373212000000000010e+01 1.395228999999999964e+01 1.401000000000000000e+04 9.487958000000000000e+17
1.395228999999999964e+01 1.417245999999999917e+01 5.386000000000000000e+03 6.010258000000000000e+17
1.417245999999999917e+01 1.439264000000000010e+01 1.722000000000000000e+03 3.182774000000000000e+17
1.439264000000000010e+01 1.461280999999999963e+01 4.140000000000000000e+02 1.267599000000000000e+17
1.461280999999999963e+01 1.483297999999999917e+01 7.000000000000000000e+01 3.346044000000000000e+16
1.483297999999999917e+01 1.505316000000000010e+01 9.000000000000000000e+00 7.271790000000000000e+15
