# M_low [Msun/h] M_high[Msun/h] Number M_total[Msun/h]
1.285141999999999918e+01 1.296926000000000023e+01 5.065000000000000000e+03 4.065055000000000000e+16
1.296926000000000023e+01 1.308709999999999951e+01 2.525000000000000000e+03 2.657829000000000000e+16
1.308709999999999951e+01 1.320495000000000019e+01 1.192000000000000000e+03 1.651033000000000000e+16
1.320495000000000019e+01 1.332278999999999947e+01 4.900000000000000000e+02 8.889201000000000000e+15
1.332278999999999947e+01 1.344063000000000052e+01 1.930000000000000000e+02 4.561158000000000000e+15
1.344063000000000052e+01 1.355846999999999980e+01 8.100000000000000000e+01 2.491651000000000000e+15
1.355846999999999980e+01 1.367631000000000085e+01 2.300000000000000000e+01 9.410310000000000000e+14
1.367631000000000085e+01 1.379415000000000013e+01 8.000000000000000000e+00 4.105710000000000000e+14
1.379415000000000013e+01 1.391198999999999941e+01 1.000000000000000000e+00 7.432900000000000000e+13
