# M_low [Msun/h] M_high[Msun/h] Number M_total[Msun/h]
1.285141999999999918e+01 1.299334999999999951e+01 3.883500000000000000e+04 3.208336000000000000e+17
1.299334999999999951e+01 1.313527999999999984e+01 2.122400000000000000e+04 2.430176000000000000e+17
1.313527999999999984e+01 1.327721000000000018e+01 1.120100000000000000e+04 1.777115000000000000e+17
1.327721000000000018e+01 1.341914000000000051e+01 5.447000000000000000e+03 1.197863000000000000e+17
1.341914000000000051e+01 1.356107000000000085e+01 2.433000000000000000e+03 7.393414000000000000e+16
1.356107000000000085e+01 1.370299999999999940e+01 1.006000000000000000e+03 4.206145000000000000e+16
1.370299999999999940e+01 1.384492999999999974e+01 3.660000000000000000e+02 2.107674000000000000e+16
1.384492999999999974e+01 1.398686999999999969e+01 9.200000000000000000e+01 7.523031000000000000e+15
1.398686999999999969e+01 1.412880000000000003e+01 4.300000000000000000e+01 4.649116000000000000e+15
1.412880000000000003e+01 1.427073000000000036e+01 5.000000000000000000e+00 7.813300000000000000e+14
