# M_low [Msun/h] M_high[Msun/h] Number M_total[Msun/h]
1.278213000000000044e+01 1.300760000000000005e+01 2.615190000000000000e+05 2.026976000000000000e+18
1.300760000000000005e+01 1.323306999999999967e+01 1.483400000000000000e+05 1.929579000000000000e+18
1.323306999999999967e+01 1.345853999999999928e+01 8.184500000000000000e+04 1.785046000000000000e+18
1.345853999999999928e+01 1.368401000000000067e+01 4.225600000000000000e+04 1.544581000000000000e+18
1.368401000000000067e+01 1.390948000000000029e+01 2.065600000000000000e+04 1.262893000000000000e+18
1.390948000000000029e+01 1.413494999999999990e+01 8.929000000000000000e+03 9.148422000000000000e+17
1.413494999999999990e+01 1.436041999999999952e+01 3.338000000000000000e+03 5.711071000000000000e+17
1.436041999999999952e+01 1.458588999999999913e+01 1.001000000000000000e+03 2.843042000000000000e+17
1.458588999999999913e+01 1.481136000000000053e+01 2.460000000000000000e+02 1.165552000000000000e+17
1.481136000000000053e+01 1.503683000000000014e+01 4.000000000000000000e+01 3.190875000000000000e+16
