# M_low [Msun/h] M_high[Msun/h] Number M_total[Msun/h]
1.278213000000000044e+01 1.302403999999999940e+01 2.957890000000000000e+05 2.334434000000000000e+18
1.302403999999999940e+01 1.326595999999999975e+01 1.652380000000000000e+05 2.273755000000000000e+18
1.326595999999999975e+01 1.350788000000000011e+01 8.971300000000000000e+04 2.150401000000000000e+18
1.350788000000000011e+01 1.374979000000000084e+01 4.538800000000000000e+04 1.893248000000000000e+18
1.374979000000000084e+01 1.399170999999999943e+01 2.159300000000000000e+04 1.562414000000000000e+18
1.399170999999999943e+01 1.423362000000000016e+01 8.986000000000000000e+03 1.128427000000000000e+18
1.423362000000000016e+01 1.447554000000000052e+01 3.225000000000000000e+03 7.015915000000000000e+17
1.447554000000000052e+01 1.471746000000000087e+01 8.960000000000000000e+02 3.332312000000000000e+17
1.471746000000000087e+01 1.495936999999999983e+01 1.970000000000000000e+02 1.256149000000000000e+17
1.495936999999999983e+01 1.520129000000000019e+01 2.900000000000000000e+01 3.057711000000000000e+16
