# M_low [Msun/h] M_high[Msun/h] Number M_total[Msun/h]
1.278213000000000044e+01 1.293157000000000068e+01 4.399500000000000000e+04 3.124880000000000000e+17
1.293157000000000068e+01 1.308100999999999914e+01 2.392600000000000000e+04 2.398131000000000000e+17
1.308100999999999914e+01 1.323046000000000078e+01 1.236300000000000000e+04 1.744529000000000000e+17
1.323046000000000078e+01 1.337989999999999924e+01 6.051000000000000000e+03 1.204198000000000000e+17
1.337989999999999924e+01 1.352933999999999948e+01 2.597000000000000000e+03 7.243477000000000000e+16
1.352933999999999948e+01 1.367877999999999972e+01 1.088000000000000000e+03 4.272942000000000000e+16
1.367877999999999972e+01 1.382822999999999958e+01 3.580000000000000000e+02 1.954176000000000000e+16
1.382822999999999958e+01 1.397766999999999982e+01 1.140000000000000000e+02 8.801279000000000000e+15
1.397766999999999982e+01 1.412711000000000006e+01 2.500000000000000000e+01 2.791065000000000000e+15
1.412711000000000006e+01 1.427655000000000030e+01 6.000000000000000000e+00 9.560600000000000000e+14
