# M_low [Msun/h] M_high[Msun/h] Number M_total[Msun/h]
1.278213000000000044e+01 1.299329000000000001e+01 2.072750000000000000e+05 1.579252000000000000e+18
1.299329000000000001e+01 1.320443999999999996e+01 1.154470000000000000e+05 1.429413000000000000e+18
1.320443999999999996e+01 1.341559999999999953e+01 6.212800000000000000e+04 1.247714000000000000e+18
1.341559999999999953e+01 1.362676000000000087e+01 3.123300000000000000e+04 1.017400000000000000e+18
1.362676000000000087e+01 1.383791000000000082e+01 1.463000000000000000e+04 7.716372000000000000e+17
1.383791000000000082e+01 1.404907000000000039e+01 6.011000000000000000e+03 5.114633000000000000e+17
1.404907000000000039e+01 1.426022999999999996e+01 2.133000000000000000e+03 2.929352000000000000e+17
1.426022999999999996e+01 1.447137999999999991e+01 6.180000000000000000e+02 1.365871000000000000e+17
1.447137999999999991e+01 1.468253999999999948e+01 1.390000000000000000e+02 5.019627000000000000e+16
1.468253999999999948e+01 1.489370000000000083e+01 1.800000000000000000e+01 9.640530000000000000e+15
