# M_low [Msun/h] M_high[Msun/h] Number M_total[Msun/h]
1.278213000000000044e+01 1.303400000000000070e+01 3.236430000000000000e+05 2.584168000000000000e+18
1.303400000000000070e+01 1.328586999999999918e+01 1.805790000000000000e+05 2.570753000000000000e+18
1.328586999999999918e+01 1.353775000000000084e+01 9.810900000000000000e+04 2.487799000000000000e+18
1.353775000000000084e+01 1.378961999999999932e+01 5.029100000000000000e+04 2.272521000000000000e+18
1.378961999999999932e+01 1.404148999999999958e+01 2.399800000000000000e+04 1.926573000000000000e+18
1.404148999999999958e+01 1.429336999999999946e+01 1.007300000000000000e+04 1.436195000000000000e+18
1.429336999999999946e+01 1.454523999999999972e+01 3.559000000000000000e+03 8.985027000000000000e+17
1.454523999999999972e+01 1.479710999999999999e+01 1.058000000000000000e+03 4.683789000000000000e+17
1.479710999999999999e+01 1.504898000000000025e+01 2.140000000000000000e+02 1.641339000000000000e+17
1.504898000000000025e+01 1.530086000000000013e+01 3.300000000000000000e+01 4.350740000000000000e+16
