# M_low [Msun/h] M_high[Msun/h] Number M_total[Msun/h]
1.278213000000000044e+01 1.304676000000000080e+01 3.613630000000000000e+05 2.925981000000000000e+18
1.304676000000000080e+01 1.331137999999999977e+01 2.040310000000000000e+05 3.034345000000000000e+18
1.331137999999999977e+01 1.357601000000000013e+01 1.115950000000000000e+05 3.049053000000000000e+18
1.357601000000000013e+01 1.384063000000000088e+01 5.804800000000000000e+04 2.911564000000000000e+18
1.384063000000000088e+01 1.410525999999999947e+01 2.821800000000000000e+04 2.589152000000000000e+18
1.410525999999999947e+01 1.436988999999999983e+01 1.261000000000000000e+04 2.112144000000000000e+18
1.436988999999999983e+01 1.463451000000000057e+01 4.616000000000000000e+03 1.410973000000000000e+18
1.463451000000000057e+01 1.489913999999999916e+01 1.419000000000000000e+03 7.823106000000000000e+17
1.489913999999999916e+01 1.516376999999999953e+01 3.330000000000000000e+02 3.309257000000000000e+17
1.516376999999999953e+01 1.542839000000000027e+01 4.300000000000000000e+01 7.594260000000000000e+16
