1.535490000000000000e+06 8.117375000000000000e+05 5.246675000000000000e+05 2.954640000000000000e+05 1.497647000000000116e+05 7.702717999999999302e+04 3.212924000000000160e+04 1.084437999999999920e+04 2.725742000000000189e+03 4.770547000000000253e+02
8.117375000000000000e+05 6.187450000000000000e+05 3.319834000000000233e+05 1.814195000000000000e+05 9.713008999999999651e+04 4.834255999999999767e+04 2.096795999999999913e+04 7.178814999999999600e+03 1.460086000000000013e+03 2.009232000000000085e+02
5.246675000000000000e+05 3.319834000000000233e+05 2.696159000000000233e+05 1.188990000000000000e+05 6.503866000000000349e+04 3.238234999999999854e+04 1.316801000000000022e+04 4.676411000000000058e+03 1.257757000000000062e+03 1.565062000000000069e+02
2.954640000000000000e+05 1.814195000000000000e+05 1.188990000000000000e+05 9.651811999999999534e+04 3.435519000000000233e+04 1.890825999999999840e+04 7.764639000000000124e+03 2.586731000000000222e+03 6.195162000000000262e+02 9.577741000000000327e+01
1.497647000000000116e+05 9.713008999999999651e+04 6.503866000000000349e+04 3.435519000000000233e+04 3.432001999999999680e+04 9.974851000000000568e+03 4.243886000000000422e+03 1.766675999999999931e+03 3.834331999999999994e+02 3.060416999999999987e+01
7.702717999999999302e+04 4.834255999999999767e+04 3.238234999999999854e+04 1.890825999999999840e+04 9.974851000000000568e+03 1.049392000000000007e+04 2.278621000000000095e+03 6.762118000000000393e+02 2.336502000000000123e+02 3.959828999999999866e+01
3.212924000000000160e+04 2.096795999999999913e+04 1.316801000000000022e+04 7.764639000000000124e+03 4.243886000000000422e+03 2.278621000000000095e+03 3.118784999999999854e+03 3.636906000000000176e+02 4.283999000000000024e+01 1.498240000000000016e+01
1.084437999999999920e+04 7.178814999999999600e+03 4.676411000000000058e+03 2.586731000000000222e+03 1.766675999999999931e+03 6.762118000000000393e+02 3.636906000000000176e+02 7.505857999999999493e+02 2.617144000000000048e+01 4.265090999999999966e+00
2.725742000000000189e+03 1.460086000000000013e+03 1.257757000000000062e+03 6.195162000000000262e+02 3.834331999999999994e+02 2.336502000000000123e+02 4.283999000000000024e+01 2.617144000000000048e+01 1.369955999999999960e+02 1.111107000000000067e+00
4.770547000000000253e+02 2.009232000000000085e+02 1.565062000000000069e+02 9.577741000000000327e+01 3.060416999999999987e+01 3.959828999999999866e+01 1.498240000000000016e+01 4.265090999999999966e+00 1.111107000000000067e+00 1.733326999999999884e+01
