# M_low [Msun/h] M_high[Msun/h] Number M_total[Msun/h]
1.278213000000000044e+01 1.300383000000000067e+01 2.374520000000000000e+05 1.830988000000000000e+18
1.300383000000000067e+01 1.322552999999999912e+01 1.322290000000000000e+05 1.698280000000000000e+18
1.322552999999999912e+01 1.344721999999999973e+01 7.109400000000000000e+04 1.515905000000000000e+18
1.344721999999999973e+01 1.366891999999999996e+01 3.594800000000000000e+04 1.274670000000000000e+18
1.366891999999999996e+01 1.389062000000000019e+01 1.681300000000000000e+04 9.882921000000000000e+17
1.389062000000000019e+01 1.411232000000000042e+01 6.962000000000000000e+03 6.775184000000000000e+17
1.411232000000000042e+01 1.433402000000000065e+01 2.432000000000000000e+03 3.908440000000000000e+17
1.433402000000000065e+01 1.455572000000000088e+01 6.810000000000000000e+02 1.802293000000000000e+17
1.455572000000000088e+01 1.477740999999999971e+01 1.530000000000000000e+02 6.765040000000000000e+16
1.477740999999999971e+01 1.499910999999999994e+01 1.800000000000000000e+01 1.288406000000000000e+16
