# M_low [Msun/h] M_high[Msun/h] Number M_total[Msun/h]
1.278213000000000044e+01 1.304110999999999976e+01 3.469350000000000000e+05 2.793395000000000000e+18
1.304110999999999976e+01 1.330007999999999946e+01 1.948440000000000000e+05 2.845732000000000000e+18
1.330007999999999946e+01 1.355906000000000056e+01 1.064010000000000000e+05 2.814597000000000000e+18
1.355906000000000056e+01 1.381803999999999988e+01 5.521100000000000000e+04 2.643471000000000000e+18
1.381803999999999988e+01 1.407700999999999958e+01 2.689800000000000000e+04 2.327249000000000000e+18
1.407700999999999958e+01 1.433599000000000068e+01 1.168100000000000000e+04 1.824433000000000000e+18
1.433599000000000068e+01 1.459497000000000000e+01 4.224000000000000000e+03 1.190650000000000000e+18
1.459497000000000000e+01 1.485393999999999970e+01 1.298000000000000000e+03 6.533018000000000000e+17
1.485393999999999970e+01 1.511292000000000080e+01 2.860000000000000000e+02 2.558945000000000000e+17
1.511292000000000080e+01 1.537190000000000012e+01 3.700000000000000000e+01 5.930000000000000000e+16
