# M_low [Msun/h] M_high[Msun/h] Number M_total[Msun/h]
1.278213000000000044e+01 1.297732000000000063e+01 1.738360000000000000e+05 1.300581000000000000e+18
1.297732000000000063e+01 1.317252000000000045e+01 9.920900000000000000e+04 1.164045000000000000e+18
1.317252000000000045e+01 1.336771000000000065e+01 5.396000000000000000e+04 9.905947000000000000e+17
1.336771000000000065e+01 1.356291000000000047e+01 2.807700000000000000e+04 8.057166000000000000e+17
1.356291000000000047e+01 1.375810000000000066e+01 1.343100000000000000e+04 6.019382000000000000e+17
1.375810000000000066e+01 1.395329000000000086e+01 5.830000000000000000e+03 4.072381000000000000e+17
1.395329000000000086e+01 1.414849000000000068e+01 2.186000000000000000e+03 2.385942000000000000e+17
1.414849000000000068e+01 1.434368000000000087e+01 6.930000000000000000e+02 1.180302000000000000e+17
1.434368000000000087e+01 1.453888000000000069e+01 1.630000000000000000e+02 4.363757000000000000e+16
1.453888000000000069e+01 1.473406999999999911e+01 3.200000000000000000e+01 1.328189000000000000e+16
