# M_low [Msun/h] M_high[Msun/h] Number M_total[Msun/h]
1.278213000000000044e+01 1.289192000000000071e+01 5.271000000000000000e+03 3.585587000000000000e+16
1.289192000000000071e+01 1.300172000000000061e+01 2.803000000000000000e+03 2.449552000000000000e+16
1.300172000000000061e+01 1.311151000000000089e+01 1.442000000000000000e+03 1.616989000000000000e+16
1.311151000000000089e+01 1.322131000000000078e+01 6.330000000000000000e+02 9.175623000000000000e+15
1.322131000000000078e+01 1.333111000000000068e+01 2.850000000000000000e+02 5.279102000000000000e+15
1.333111000000000068e+01 1.344089999999999918e+01 1.290000000000000000e+02 3.079603000000000000e+15
1.344089999999999918e+01 1.355070000000000086e+01 3.700000000000000000e+01 1.154726000000000000e+15
1.355070000000000086e+01 1.366048999999999936e+01 1.200000000000000000e+01 4.735780000000000000e+14
1.366048999999999936e+01 1.377028999999999925e+01 5.000000000000000000e+00 2.415420000000000000e+14
1.377028999999999925e+01 1.388007999999999953e+01 2.000000000000000000e+00 1.366660000000000000e+14
