2.917252999999999884e+05 1.398247999999999884e+05 7.142808999999999651e+04 4.493473999999999796e+04 2.427334999999999854e+04 9.838834000000000742e+03 5.019408000000000357e+03 1.824953999999999951e+03 2.788274000000000115e+02 2.873478000000000065e+01
1.398247999999999884e+05 1.230141999999999971e+05 4.435398000000000320e+04 2.811750999999999840e+04 1.493476000000000022e+04 6.422018000000000029e+03 3.425500000000000000e+03 1.175535000000000082e+03 2.203890000000000100e+02 -2.721236999999999906e+00
7.142808999999999651e+04 4.435398000000000320e+04 4.264401999999999680e+04 1.492551000000000022e+04 7.052588999999999942e+03 3.403690999999999804e+03 1.443097999999999956e+03 7.027264000000000124e+02 1.262450999999999937e+02 -4.826492000000000004e+00
4.493473999999999796e+04 2.811750999999999840e+04 1.492551000000000022e+04 1.946188000000000102e+04 5.072837999999999738e+03 2.489916000000000167e+03 1.161772999999999911e+03 4.396786000000000172e+02 4.222205999999999904e+01 1.099410999999999916e+00
2.427334999999999854e+04 1.493476000000000022e+04 7.052588999999999942e+03 5.072837999999999738e+03 6.682166000000000167e+03 1.007696000000000026e+03 5.382980999999999767e+02 2.612817000000000007e+02 6.490812999999999988e+01 -4.978538999999999604e+00
9.838834000000000742e+03 6.422018000000000029e+03 3.403690999999999804e+03 2.489916000000000167e+03 1.007696000000000026e+03 2.322032000000000153e+03 2.296170999999999935e+02 1.146642999999999972e+02 1.253212000000000081e+01 -8.797237000000000862e+00
5.019408000000000357e+03 3.425500000000000000e+03 1.443097999999999956e+03 1.161772999999999911e+03 5.382980999999999767e+02 2.296170999999999935e+02 7.414787000000000035e+02 4.834678999999999860e+01 1.789466999999999919e+00 1.594535999999999953e+00
1.824953999999999951e+03 1.175535000000000082e+03 7.027264000000000124e+02 4.396786000000000172e+02 2.612817000000000007e+02 1.146642999999999972e+02 4.834678999999999860e+01 2.207691000000000088e+02 1.296875999999999962e+01 2.992191000000000045e+00
2.788274000000000115e+02 2.203890000000000100e+02 1.262450999999999937e+02 4.222205999999999904e+01 6.490812999999999988e+01 1.253212000000000081e+01 1.789466999999999919e+00 1.296875999999999962e+01 3.595893000000000228e+01 9.746552000000000340e-03
2.873478000000000065e+01 -2.721236999999999906e+00 -4.826492000000000004e+00 1.099410999999999916e+00 -4.978538999999999604e+00 -8.797237000000000862e+00 1.594535999999999953e+00 2.992191000000000045e+00 9.746552000000000340e-03 1.264517999999999986e+01
