# M_low [Msun/h] M_high[Msun/h] Number M_total[Msun/h]
1.280874000000000024e+01 1.306953000000000031e+01 3.327970000000000000e+05 2.849445000000000000e+18
1.306953000000000031e+01 1.333032000000000039e+01 1.855000000000000000e+05 2.894598000000000000e+18
1.333032000000000039e+01 1.359111000000000047e+01 9.852000000000000000e+04 2.795283000000000000e+18
1.359111000000000047e+01 1.385190000000000055e+01 4.967000000000000000e+04 2.559845000000000000e+18
1.385190000000000055e+01 1.411269000000000062e+01 2.316500000000000000e+04 2.165538000000000000e+18
1.411269000000000062e+01 1.437348000000000070e+01 9.468000000000000000e+03 1.605181000000000000e+18
1.437348000000000070e+01 1.463427000000000078e+01 3.278000000000000000e+03 1.002885000000000000e+18
1.463427000000000078e+01 1.489506000000000085e+01 8.770000000000000000e+02 4.850404000000000000e+17
1.489506000000000085e+01 1.515584999999999916e+01 1.560000000000000000e+02 1.543731000000000000e+17
1.515584999999999916e+01 1.541663999999999923e+01 1.600000000000000000e+01 2.663140000000000000e+16
