# M_low [Msun/h] M_high[Msun/h] Number M_total[Msun/h]
1.280874000000000024e+01 1.308882000000000012e+01 3.835440000000000000e+05 3.361218000000000000e+18
1.308882000000000012e+01 1.336889000000000038e+01 2.132900000000000000e+05 3.562904000000000000e+18
1.336889000000000038e+01 1.364897000000000027e+01 1.161860000000000000e+05 3.685920000000000000e+18
1.364897000000000027e+01 1.392905000000000015e+01 6.051700000000000000e+04 3.654118000000000000e+18
1.392905000000000015e+01 1.420913000000000004e+01 2.979500000000000000e+04 3.404301000000000000e+18
1.420913000000000004e+01 1.448920999999999992e+01 1.301500000000000000e+04 2.825015000000000000e+18
1.448920999999999992e+01 1.476928999999999981e+01 4.902000000000000000e+03 2.006236000000000000e+18
1.476928999999999981e+01 1.504936000000000007e+01 1.458000000000000000e+03 1.121172000000000000e+18
1.504936000000000007e+01 1.532943999999999996e+01 3.160000000000000000e+02 4.485129000000000000e+17
1.532943999999999996e+01 1.560951999999999984e+01 3.900000000000000000e+01 1.008016000000000000e+17
