# M_low [Msun/h] M_high[Msun/h] Number M_total[Msun/h]
1.280874000000000024e+01 1.307028000000000034e+01 3.473060000000000000e+05 2.979826000000000000e+18
1.307028000000000034e+01 1.333182000000000045e+01 1.960800000000000000e+05 3.073478000000000000e+18
1.333182000000000045e+01 1.359336000000000055e+01 1.076570000000000000e+05 3.071043000000000000e+18
1.359336000000000055e+01 1.385488999999999926e+01 5.603600000000000000e+04 2.911689000000000000e+18
1.385488999999999926e+01 1.411642999999999937e+01 2.736100000000000000e+04 2.584904000000000000e+18
1.411642999999999937e+01 1.437796999999999947e+01 1.191200000000000000e+04 2.043086000000000000e+18
1.437796999999999947e+01 1.463950999999999958e+01 4.496000000000000000e+03 1.396669000000000000e+18
1.463950999999999958e+01 1.490104999999999968e+01 1.384000000000000000e+03 7.723921000000000000e+17
1.490104999999999968e+01 1.516258999999999979e+01 3.170000000000000000e+02 3.172330000000000000e+17
1.516258999999999979e+01 1.542412999999999990e+01 3.800000000000000000e+01 6.756540000000000000e+16
