2.985968000000000000e+06 1.575482000000000000e+06 1.016835000000000000e+06 6.199886999999999534e+05 3.481897999999999884e+05 1.851641000000000058e+05 9.572950999999999476e+04 3.091802999999999884e+04 1.066456999999999971e+04 1.526747000000000071e+03
1.575482000000000000e+06 1.188511000000000000e+06 6.347140000000000000e+05 3.787869000000000233e+05 2.203222000000000116e+05 1.196666999999999971e+05 5.584459999999999854e+04 2.000225999999999840e+04 7.164057999999999993e+03 9.913606999999999516e+02
1.016835000000000000e+06 6.347140000000000000e+05 5.162927999999999884e+05 2.463733999999999942e+05 1.437570000000000000e+05 7.363186000000000058e+04 3.651337000000000262e+04 1.260454000000000087e+04 5.017634000000000015e+03 5.198772000000000162e+02
6.199886999999999534e+05 3.787869000000000233e+05 2.463733999999999942e+05 2.128306000000000058e+05 8.238225000000000000e+04 4.491769000000000233e+04 2.325949000000000160e+04 8.050631999999999607e+03 2.363039999999999964e+03 4.464329999999999927e+02
3.481897999999999884e+05 2.203222000000000116e+05 1.437570000000000000e+05 8.238225000000000000e+04 8.100533000000000175e+04 2.720818000000000029e+04 1.400475000000000000e+04 4.951391999999999825e+03 1.631704999999999927e+03 2.559581000000000017e+02
1.851641000000000058e+05 1.196666999999999971e+05 7.363186000000000058e+04 4.491769000000000233e+04 2.720818000000000029e+04 2.694797999999999956e+04 7.749377999999999702e+03 2.636594000000000051e+03 9.354740000000000464e+02 1.333620999999999981e+02
9.572950999999999476e+04 5.584459999999999854e+04 3.651337000000000262e+04 2.325949000000000160e+04 1.400475000000000000e+04 7.749377999999999702e+03 8.442657999999999447e+03 1.494864000000000033e+03 4.756161000000000172e+02 8.344217999999999336e+01
3.091802999999999884e+04 2.000225999999999840e+04 1.260454000000000087e+04 8.050631999999999607e+03 4.951391999999999825e+03 2.636594000000000051e+03 1.494864000000000033e+03 2.054097000000000207e+03 1.608258999999999901e+02 2.788682999999999979e+01
1.066456999999999971e+04 7.164057999999999993e+03 5.017634000000000015e+03 2.363039999999999964e+03 1.631704999999999927e+03 9.354740000000000464e+02 4.756161000000000172e+02 1.608258999999999901e+02 3.363106000000000222e+02 1.290442999999999962e+01
1.526747000000000071e+03 9.913606999999999516e+02 5.198772000000000162e+02 4.464329999999999927e+02 2.559581000000000017e+02 1.333620999999999981e+02 8.344217999999999336e+01 2.788682999999999979e+01 1.290442999999999962e+01 4.194720999999999833e+01
