# M_low [Msun/h] M_high[Msun/h] Number M_total[Msun/h]
1.280874000000000024e+01 1.293221999999999916e+01 1.327300000000000000e+04 9.722102000000000000e+16
1.293221999999999916e+01 1.305569000000000024e+01 7.208000000000000000e+03 7.022534000000000000e+16
1.305569000000000024e+01 1.317916999999999916e+01 3.504000000000000000e+03 4.537296000000000000e+16
1.317916999999999916e+01 1.330264999999999986e+01 1.718000000000000000e+03 2.959861000000000000e+16
1.330264999999999986e+01 1.342613000000000056e+01 7.720000000000000000e+02 1.754171000000000000e+16
1.342613000000000056e+01 1.354960999999999949e+01 3.060000000000000000e+02 9.169277000000000000e+15
1.354960999999999949e+01 1.367308000000000057e+01 1.230000000000000000e+02 4.874420000000000000e+15
1.367308000000000057e+01 1.379655999999999949e+01 3.100000000000000000e+01 1.654087000000000000e+15
1.379655999999999949e+01 1.392004000000000019e+01 1.000000000000000000e+01 6.936060000000000000e+14
1.392004000000000019e+01 1.404351999999999911e+01 4.000000000000000000e+00 3.632190000000000000e+14
