2.621472999999999956e+04 7.621132999999999811e+03 4.579944000000000415e+03 2.127699000000000069e+03 1.010826999999999998e+03 5.761810000000000400e+02 3.965930000000000177e+02 8.818874999999999886e+01 1.758278000000000008e+00 1.527480000000000082e+01
7.621132999999999811e+03 1.261219000000000051e+04 2.473409999999999854e+03 1.477888999999999896e+03 4.747583999999999946e+02 3.094880999999999744e+02 1.910167999999999893e+02 5.347348000000000212e+01 -9.762145999999999546e+00 1.166466999999999921e+01
4.579944000000000415e+03 2.473409999999999854e+03 5.249228000000000065e+03 8.028663000000000238e+02 3.209968000000000075e+02 3.151956999999999880e+02 1.509233999999999867e+02 3.876787999999999812e+01 7.547729000000000354e+00 1.459643999999999942e+01
2.127699000000000069e+03 1.477888999999999896e+03 8.028663000000000238e+02 2.063266999999999825e+03 2.031804999999999950e+02 1.159996000000000009e+02 9.409320999999999913e+01 1.195706999999999987e+01 4.436630000000000074e+00 -1.419097999999999971e+00
1.010826999999999998e+03 4.747583999999999946e+02 3.209968000000000075e+02 2.031804999999999950e+02 8.423203999999999496e+02 7.346560999999999808e+01 3.532150000000000123e+00 -5.730972000000000399e+00 5.910308999999999813e+00 -3.118896000000000168e-02
5.761810000000000400e+02 3.094880999999999744e+02 3.151956999999999880e+02 1.159996000000000009e+02 7.346560999999999808e+01 3.703922999999999774e+02 1.945022000000000162e+01 1.544243999999999950e+01 2.339172000000000126e-02 -1.387909000000000059e+00
3.965930000000000177e+02 1.910167999999999893e+02 1.509233999999999867e+02 9.409320999999999913e+01 3.532150000000000123e+00 1.945022000000000162e+01 1.272022000000000048e+02 6.539935999999999972e+00 -4.015579000000000232e-01 2.035079999999999778e+00
8.818874999999999886e+01 5.347348000000000212e+01 3.876787999999999812e+01 1.195706999999999987e+01 -5.730972000000000399e+00 1.544243999999999950e+01 6.539935999999999972e+00 3.106225999999999843e+01 -6.042861999999999956e-01 7.563324000000000158e-01
1.758278000000000008e+00 -9.762145999999999546e+00 7.547729000000000354e+00 4.436630000000000074e+00 5.910308999999999813e+00 2.339172000000000126e-02 -4.015579000000000232e-01 -6.042861999999999956e-01 9.785538000000000736e+00 -7.797241000000000588e-02
1.527480000000000082e+01 1.166466999999999921e+01 1.459643999999999942e+01 -1.419097999999999971e+00 -3.118896000000000168e-02 -1.387909000000000059e+00 2.035079999999999778e+00 7.563324000000000158e-01 -7.797241000000000588e-02 3.960999000000000159e+00
