# M_low [Msun/h] M_high[Msun/h] Number M_total[Msun/h]
1.280874000000000024e+01 1.306639999999999979e+01 3.135880000000000000e+05 2.672167000000000000e+18
1.306639999999999979e+01 1.332404999999999973e+01 1.726310000000000000e+05 2.661853000000000000e+18
1.332404999999999973e+01 1.358170999999999928e+01 8.915700000000000000e+04 2.482332000000000000e+18
1.358170999999999928e+01 1.383937000000000062e+01 4.383400000000000000e+04 2.200726000000000000e+18
1.383937000000000062e+01 1.409703000000000017e+01 1.953000000000000000e+04 1.764285000000000000e+18
1.409703000000000017e+01 1.435468999999999973e+01 7.538000000000000000e+03 1.221255000000000000e+18
1.435468999999999973e+01 1.461234999999999928e+01 2.442000000000000000e+03 7.066131000000000000e+17
1.461234999999999928e+01 1.486999999999999922e+01 6.010000000000000000e+02 3.111798000000000000e+17
1.486999999999999922e+01 1.512766000000000055e+01 9.900000000000000000e+01 9.109978000000000000e+16
1.512766000000000055e+01 1.538532000000000011e+01 3.000000000000000000e+00 4.824600000000000000e+15
