# M_low [Msun/h] M_high[Msun/h] Number M_total[Msun/h]
1.280874000000000024e+01 1.303641000000000005e+01 2.502110000000000000e+05 2.063528000000000000e+18
1.303641000000000005e+01 1.326407999999999987e+01 1.407970000000000000e+05 1.959567000000000000e+18
1.326407999999999987e+01 1.349174999999999969e+01 7.509000000000000000e+04 1.761319000000000000e+18
1.349174999999999969e+01 1.371941999999999950e+01 3.784300000000000000e+04 1.494339000000000000e+18
1.371941999999999950e+01 1.394708999999999932e+01 1.759400000000000000e+04 1.170391000000000000e+18
1.394708999999999932e+01 1.417474999999999952e+01 7.093000000000000000e+03 7.900476000000000000e+17
1.417474999999999952e+01 1.440241999999999933e+01 2.502000000000000000e+03 4.682635000000000000e+17
1.440241999999999933e+01 1.463008999999999915e+01 6.970000000000000000e+02 2.178642000000000000e+17
1.463008999999999915e+01 1.485776000000000074e+01 1.450000000000000000e+02 7.584022000000000000e+16
1.485776000000000074e+01 1.508543000000000056e+01 1.600000000000000000e+01 1.350249000000000000e+16
