# M_low [Msun/h] M_high[Msun/h] Number M_total[Msun/h]
1.280874000000000024e+01 1.303110999999999997e+01 2.259180000000000000e+05 1.850769000000000000e+18
1.303110999999999997e+01 1.325347000000000008e+01 1.251030000000000000e+05 1.708538000000000000e+18
1.325347000000000008e+01 1.347583999999999982e+01 6.595300000000000000e+04 1.500946000000000000e+18
1.347583999999999982e+01 1.369820999999999955e+01 3.242600000000000000e+04 1.227154000000000000e+18
1.369820999999999955e+01 1.392057999999999929e+01 1.448000000000000000e+04 9.103218000000000000e+17
1.392057999999999929e+01 1.414295000000000080e+01 5.727000000000000000e+03 5.969109000000000000e+17
1.414295000000000080e+01 1.436530999999999914e+01 1.929000000000000000e+03 3.335799000000000000e+17
1.436530999999999914e+01 1.458768000000000065e+01 4.650000000000000000e+02 1.332809000000000000e+17
1.458768000000000065e+01 1.481005000000000038e+01 1.120000000000000000e+02 5.220134000000000000e+16
1.481005000000000038e+01 1.503242000000000012e+01 1.200000000000000000e+01 8.400280000000000000e+15
