# M_low [Msun/h] M_high[Msun/h] Number M_total[Msun/h]
1.280874000000000024e+01 1.305751000000000062e+01 2.877730000000000000e+05 2.427003000000000000e+18
1.305751000000000062e+01 1.330626999999999960e+01 1.571690000000000000e+05 2.349570000000000000e+18
1.330626999999999960e+01 1.355503999999999998e+01 8.107600000000000000e+04 2.142462000000000000e+18
1.355503999999999998e+01 1.380381000000000036e+01 3.914200000000000000e+04 1.826787000000000000e+18
1.380381000000000036e+01 1.405258000000000074e+01 1.745000000000000000e+04 1.436874000000000000e+18
1.405258000000000074e+01 1.430134999999999934e+01 6.507000000000000000e+03 9.431182000000000000e+17
1.430134999999999934e+01 1.455011999999999972e+01 2.080000000000000000e+03 5.268206000000000000e+17
1.455011999999999972e+01 1.479889000000000010e+01 4.960000000000000000e+02 2.186494000000000000e+17
1.479889000000000010e+01 1.504766000000000048e+01 9.000000000000000000e+01 6.849804000000000000e+16
1.504766000000000048e+01 1.529641999999999946e+01 2.000000000000000000e+00 2.661300000000000000e+15
