# M_low [Msun/h] M_high[Msun/h] Number M_total[Msun/h]
1.280874000000000024e+01 1.308322000000000074e+01 3.715720000000000000e+05 3.235030000000000000e+18
1.308322000000000074e+01 1.335769999999999946e+01 2.069620000000000000e+05 3.390191000000000000e+18
1.335769999999999946e+01 1.363218999999999959e+01 1.128220000000000000e+05 3.463771000000000000e+18
1.363218999999999959e+01 1.390667000000000009e+01 5.853400000000000000e+04 3.375585000000000000e+18
1.390667000000000009e+01 1.418115000000000059e+01 2.840000000000000000e+04 3.065270000000000000e+18
1.418115000000000059e+01 1.445564000000000071e+01 1.229300000000000000e+04 2.483616000000000000e+18
1.445564000000000071e+01 1.473011999999999944e+01 4.567000000000000000e+03 1.719271000000000000e+18
1.473011999999999944e+01 1.500459999999999994e+01 1.325000000000000000e+03 9.224866000000000000e+17
1.500459999999999994e+01 1.527908000000000044e+01 2.990000000000000000e+02 3.782419000000000000e+17
1.527908000000000044e+01 1.555357000000000056e+01 3.600000000000000000e+01 8.103850000000000000e+16
