# M_low [Msun/h] M_high[Msun/h] Number M_total[Msun/h]
1.280874000000000024e+01 1.297250999999999976e+01 7.279100000000000000e+04 5.579568000000000000e+17
1.297250999999999976e+01 1.313627999999999929e+01 4.000400000000000000e+04 4.475129000000000000e+17
1.313627999999999929e+01 1.330003999999999920e+01 2.082800000000000000e+04 3.387328000000000000e+17
1.330003999999999920e+01 1.346381000000000050e+01 1.023600000000000000e+04 2.422446000000000000e+17
1.346381000000000050e+01 1.362758000000000003e+01 4.450000000000000000e+03 1.528639000000000000e+17
1.362758000000000003e+01 1.379134999999999955e+01 1.765000000000000000e+03 8.795118000000000000e+16
1.379134999999999955e+01 1.395512000000000086e+01 6.460000000000000000e+02 4.703673000000000000e+16
1.395512000000000086e+01 1.411889000000000038e+01 1.970000000000000000e+02 2.044744000000000000e+16
1.411889000000000038e+01 1.428265999999999991e+01 3.900000000000000000e+01 6.009180000000000000e+15
1.428265999999999991e+01 1.444642999999999944e+01 1.300000000000000000e+01 2.822990000000000000e+15
