-2.586073433210960282e+00 -6.826545110343140710e-01 8.235455580625371530e-01 1.150187275336227166e-01 8.292227050119076182e-02 -1.201984701779682668e-01
-2.643755507659212967e+00 -8.690682522559917134e-01 8.325311434510478392e-01 1.118643965160315279e-01 8.634374478335106462e-02 -1.224736994721199596e-01
-2.568273484252377781e+00 -6.778892710999306903e-01 8.087664109416826674e-01 1.021137924741720160e-01 8.601439431926249934e-02 -1.380928550338720584e-01
-2.807242804655302404e+00 -6.235741456936417793e-01 8.001227163745090465e-01 1.256467755829232535e-01 9.942292767419040611e-02 -1.459514896727463762e-01
-2.585702679727710507e+00 -1.265563115726920929e+00 8.171476699718492887e-01 1.201852975409926361e-01 8.037226062810216842e-02 -1.318122310760065363e-01
-2.600938188805403062e+00 -8.104773098282798127e-01 8.252842207266903873e-01 1.123672056629588661e-01 8.665692994234719393e-02 -9.951929477136206570e-02
-2.481411040302279769e+00 -7.085454824492704029e-01 8.189419222732824410e-01 1.122313918589727955e-01 8.021349516405852642e-02 -1.225896848620779273e-01
-2.241849314813493255e+00 -3.550028090595059305e-01 8.221243440613889009e-01 5.345889708335885282e-02 9.440979766229527781e-02 -1.326071632769497133e-01
-2.596798723164417400e+00 -7.985398810193716779e-01 8.203766931729349343e-01 1.066101325504334035e-01 9.348716710302674981e-02 -1.187614385106030568e-01
-2.516637083574801981e+00 -1.493180852890360066e-01 8.027844792196485724e-01 9.069263843551905735e-02 1.015941029716250499e-01 -1.399713678515671911e-01
-2.385955501600579343e+00 -7.851323357722899132e-01 8.191842009248664347e-01 8.069821112787815831e-02 1.027686325836920517e-01 -1.219668454608751063e-01
-2.628517474277337840e+00 -1.322978464412364996e+00 8.205356934385031886e-01 1.278526664973816951e-01 8.087231391246950396e-02 -1.369558790376214363e-01
-2.510496341980111179e+00 -8.630078664779908815e-01 8.146174714028576735e-01 1.120942616457548668e-01 8.534504856441779697e-02 -1.231158222308471328e-01
-2.561933203633487199e+00 -9.549479972484761214e-01 8.225971388042491172e-01 1.199383980053118359e-01 8.714135192921085293e-02 -1.198432932548326307e-01
-2.569207816356563701e+00 -9.182673149327127415e-01 8.374656090025759392e-01 1.230981770358460375e-01 8.001298529955165606e-02 -1.004300048195950340e-01
-2.376945783599269113e+00 -6.708101897784215506e-01 8.168798272653251535e-01 7.226677939243988935e-02 9.478681989002676889e-02 -1.155854956785507953e-01
-2.344594416291356787e+00 -6.203490804325180186e-01 8.193590383287088219e-01 7.535626956385817199e-02 9.863934218301005641e-02 -1.226064521485846909e-01
-2.605060111835721948e+00 -9.015912425824724741e-01 8.225729949180554668e-01 1.136172343828920489e-01 9.315213784257474205e-02 -1.164337733975532724e-01
-2.268803640742230066e+00 -2.796290251730125798e-01 8.079086516567782761e-01 5.013025963313309102e-02 1.069480945261166438e-01 -1.457715000266668059e-01
-2.400339692006038916e+00 -8.210461480611429552e-01 8.169496761220399472e-01 7.615488152395109844e-02 9.737166901236643524e-02 -1.348288262859322351e-01
-2.639533360148618613e+00 -8.943167898235373503e-01 8.209375329346556560e-01 1.114229885740922327e-01 8.983095064260775142e-02 -1.219526450014381397e-01
-2.698910753181333444e+00 -5.224078375604707114e-01 8.131451481205429488e-01 1.198583303404979900e-01 9.847068630861048610e-02 -1.443146057848373465e-01
-2.735939865367015500e+00 -1.130681100017322471e+00 8.275196988116200192e-01 1.420494957864147090e-01 7.956937729313502683e-02 -1.128341297466207149e-01
-2.443407848126136539e+00 4.439145341054808180e-01 7.909848409683297721e-01 7.724149710987375517e-02 9.090184179053621694e-02 -1.545298158322022108e-01
-2.532938382694781332e+00 -4.706879931212248347e-01 8.070247103137770939e-01 7.600292391494871402e-02 1.021342332335655051e-01 -1.443981572260123469e-01
-2.541065982371146337e+00 -1.112476888710529632e+00 8.146530711145416603e-01 1.151872121504665530e-01 9.201094517861745092e-02 -1.250943909384208963e-01
-2.451641592407200143e+00 -9.744792467786254075e-01 8.218189934478116188e-01 1.179434173208409181e-01 8.480598392028718124e-02 -1.134425856493614937e-01
-2.321002611189112663e+00 -2.872274835836702844e-01 8.014155797666360215e-01 6.709868344224095837e-02 1.030164339370683579e-01 -1.460529058682426828e-01
-2.446656420685876743e+00 -8.431440762245862031e-01 8.356676563306008054e-01 8.659098636409835736e-02 9.356969996993702576e-02 -1.058049153459168501e-01
-2.547553262274470764e+00 -8.848036290675214133e-01 8.197020445584621839e-01 1.112553130066239182e-01 9.051758538705598212e-02 -1.143531692758228274e-01
-2.498932614045765721e+00 -7.512014655469005930e-01 8.249599321431216881e-01 8.629212666235526463e-02 9.955321279774408116e-02 -1.201501388451115399e-01
-2.395890807131451528e+00 -9.756944795533434300e-01 8.337828400586798638e-01 8.385677223127982471e-02 9.092659308716395661e-02 -9.628710191813699693e-02
-2.381049675541156319e+00 -3.562816696972858077e-01 8.069666004121579528e-01 5.679391370643120662e-02 1.026249759518837873e-01 -1.473900678747625259e-01
-2.497979472029556725e+00 -7.288916935578124701e-01 8.205723485595771693e-01 9.489886165861241563e-02 9.146974196984465622e-02 -1.347949238445628195e-01
-2.620134895357029592e+00 -1.193392636696155140e+00 8.298199970544930526e-01 1.162354642298545349e-01 8.746018111036749088e-02 -1.123346058860259095e-01
-2.522331293271784514e+00 -8.290175292496171355e-01 8.125141636232984244e-01 1.029116628608242601e-01 8.092874243761452591e-02 -1.372979085919299458e-01
-2.468004367679291988e+00 -8.411164575586819181e-01 8.328583126376238877e-01 9.910390867467669396e-02 8.729909505938936165e-02 -1.138279941402410705e-01
-2.583281707231156243e+00 -5.702973788784653220e-01 8.071257667181632733e-01 1.061414423950758357e-01 9.587220844788242602e-02 -1.464583582395589667e-01
-2.373430168379281557e+00 -4.882252284309951396e-01 8.104681931205461876e-01 7.306609107513140078e-02 1.029632430645754104e-01 -1.447086539901620561e-01
