2.291851495363239708e-03 2.352958492262221743e-02 4.060464495061771550e-06 9.245161831341411351e-05 1.104805454157960082e-06 2.148726982466479454e-05
1.738573710290513673e-03 2.035207154034707894e-02 4.217972601773870611e-06 6.133308410149603484e-05 1.149662872271018966e-06 2.760843019147727316e-05
2.539176788336975753e-03 2.691669337569401257e-02 7.057829974893385232e-06 1.169243692057772186e-04 1.366545663820529189e-06 2.341968009395399298e-05
3.233947726756242896e-03 3.041583199857041814e-02 8.352115559613385948e-06 1.547600422418655118e-04 1.579406922032590847e-06 2.448597966668561768e-05
2.370245777952624620e-03 2.365318258789600794e-02 5.443601723652179229e-06 1.155703160135990165e-04 1.379063101399645538e-06 2.598217797311640060e-05
1.779402651413634429e-03 1.933762150661380921e-02 3.870912769547630217e-06 5.792408706227145776e-05 9.724544662914680640e-07 2.384619684212842104e-05
2.724463966736240424e-03 2.190011055325328387e-02 7.377693900162336408e-06 1.250321055899299117e-04 1.519643737816210236e-06 2.269883057303741523e-05
2.618754389031549210e-03 2.257907274402473283e-02 6.606773687456010299e-06 1.142472378574467708e-04 1.349632975447252495e-06 2.523249047701821407e-05
2.205180598201728331e-03 2.788187026844094613e-02 3.973078766592306816e-06 6.790604868818490944e-05 1.206179111698527024e-06 2.332696586913728475e-05
2.707947530510831490e-03 2.822670200464320878e-02 6.995457609583393992e-06 1.175906127499107653e-04 1.368943466316092421e-06 2.291578614659808613e-05
2.185526543272529529e-03 2.394016866265516463e-02 4.205526307912721666e-06 8.317531694787876561e-05 1.344110492856503750e-06 2.105165226552931039e-05
2.133432663660930241e-03 2.546474177466491462e-02 4.391502506407676740e-06 8.343200769115557047e-05 1.101443294459714512e-06 2.334771567283156632e-05
2.299669395094467404e-03 2.421116606508163030e-02 4.607042801073707790e-06 1.013025071716509222e-04 1.142761676140893543e-06 2.101611785891492563e-05
2.021444140679186027e-03 2.529885915691569218e-02 4.108947804239704327e-06 6.769890129190230487e-05 1.186399562192996333e-06 2.488425466102028272e-05
1.612773073540779223e-03 1.934747419118180989e-02 3.749642919512582840e-06 5.081036467804966975e-05 9.224254978188726016e-07 2.228952591255773115e-05
2.077527811709323907e-03 2.150636305539950846e-02 4.179727281121870409e-06 8.042337180265325279e-05 1.189536644393994145e-06 2.697322283234500093e-05
2.360737571524864666e-03 2.041412438706658936e-02 4.691012841728012912e-06 9.680088798131392190e-05 1.244284326007646793e-06 2.152210061168518352e-05
2.221447639272336114e-03 2.590497939656719387e-02 4.626891970057178960e-06 7.450099839568925081e-05 1.117115831763347156e-06 2.693748929524384452e-05
3.061198538604242153e-03 2.292470452851585322e-02 1.040194835630221454e-05 1.505674880756786925e-04 1.664643000987811344e-06 2.720672219049706110e-05
2.386772752956261689e-03 2.380004957932058129e-02 5.341042750783740578e-06 9.993959500967668132e-05 1.417840867549352447e-06 2.666485621786577373e-05
1.893897161214871169e-03 2.370225603145087109e-02 4.065123421049107148e-06 6.820737214645006903e-05 1.039936596860231594e-06 2.293356140766788080e-05
2.427931257310210825e-03 2.559981608960775964e-02 4.470469163152049894e-06 8.648858121708367388e-05 1.115298463385363116e-06 2.105661942494934126e-05
1.730875170182163492e-03 2.221577861324591785e-02 3.882849604616698706e-06 5.567623397813038213e-05 9.200373779199346769e-07 2.116475237873287582e-05
5.764506356128213695e-03 4.059208899512051910e-02 3.572991379233200044e-05 3.786383421879362869e-04 4.255320412150372571e-06 5.255491281361157510e-05
3.374255584355788200e-03 3.034030619615758761e-02 9.375014239747867103e-06 1.505271940261097580e-04 1.541167655342280766e-06 2.612793184839254268e-05
2.564808368966577361e-03 2.521292501504449751e-02 5.277106633555355112e-06 1.090413356843113635e-04 1.218588606643758414e-06 2.329583429900365475e-05
1.849756644915159830e-03 2.206526725326555041e-02 4.263497180216185111e-06 7.391597952939985190e-05 1.102149926838279552e-06 2.559028822060485062e-05
3.046596691388868405e-03 2.375431195150214461e-02 8.679525968203240306e-06 1.337098185080694312e-04 1.473643830836006407e-06 2.529667236776273010e-05
1.764749788102740538e-03 1.936226044115046604e-02 3.809051704999268292e-06 6.112214879389639541e-05 1.019222271097351955e-06 2.481538155801633826e-05
1.756447423154493389e-03 2.113727773634725346e-02 3.823819475357774169e-06 5.966636368266604862e-05 1.001219213724470845e-06 2.304188953075808890e-05
1.939214893728442033e-03 2.649629339622828345e-02 4.407652281430757091e-06 6.914184368148735106e-05 1.048866002126726238e-06 2.215979509066930402e-05
1.929413370360876130e-03 2.056643944390206674e-02 4.078188948884393361e-06 7.055036418267892099e-05 1.197271810427499621e-06 2.585794791584870633e-05
3.229809699442316717e-03 2.650520317155292266e-02 8.829505655696425186e-06 1.449488005248495564e-04 1.801074604394995596e-06 2.678402647224569717e-05
2.330357981836379908e-03 2.280044823875808022e-02 4.878894201343478240e-06 9.746803486633037262e-05 1.191011525441388546e-06 2.262843623926551339e-05
1.848901961009778066e-03 2.221085771405355291e-02 4.062088902303158399e-06 6.437418340914975593e-05 9.916408355339701680e-07 2.308533056305174766e-05
2.720939788393275920e-03 2.418725428973127548e-02 7.727797766055370215e-06 1.325776758133896942e-04 1.436297241114699022e-06 2.256330285394439060e-05
1.798894949676153572e-03 2.085258914334019859e-02 4.108907877667295355e-06 7.039210578001292237e-05 9.555859153755316872e-07 2.315821804673571764e-05
2.920561198062274384e-03 2.552852882835795686e-02 6.341501418727967256e-06 1.238677711133057482e-04 1.354259820544737940e-06 2.194823874713876203e-05
2.754390606458544631e-03 2.407421660414537160e-02 7.358384780224191820e-06 1.268032936605543006e-04 1.401206667042531183e-06 2.312433064128997952e-05
