# d0	d1	f0	f1	g0	g1	B	
# 
2.193754850765341439e-03 2.311957746710314315e-02 5.872151023398151412e-06 1.632935989105205527e-04 9.085107722216842626e-05 1.215956711215776401e-03 8.672935738156375010e+02
1.598179127574734766e-03 1.979812447589819960e-02 5.944900791696870569e-06 1.238595396533363215e-04 7.441512867865491502e-05 1.044479956049440420e-03 9.302052576368660084e+02
2.712762391471233974e-03 2.399268286076650797e-02 5.288628530673875283e-06 1.672811920317000302e-04 1.004198165958976199e-04 1.242287370722871794e-03 8.687226857303302268e+02
3.197963233079817013e-03 2.806479270557694569e-02 6.322100436971462397e-06 2.006823511092407084e-04 1.131568313575916134e-04 1.394166593309034566e-03 8.867288970766272769e+02
2.238088614888025969e-03 2.371355393583202478e-02 5.740680787498458369e-06 2.024738826510731051e-04 8.990459723470929068e-05 1.291971156629155223e-03 8.798165829251508967e+02
1.664833126961320475e-03 1.898139489212458467e-02 6.106349480808600742e-06 1.142716314292924423e-04 7.746949420992116917e-05 9.747062289174305725e-04 8.773145462221850721e+02
2.730999664603549291e-03 2.098333063050268274e-02 4.846138926118995455e-06 1.518374516110765414e-04 9.961173681721248712e-05 1.087333181496902149e-03 8.705122138309050115e+02
2.421242253090137488e-03 2.188002500370959599e-02 3.723060695545192565e-06 1.075758945323910984e-04 8.809076825814170621e-05 1.064581136283694607e-03 9.276096883936564836e+02
2.032196062616190447e-03 2.709960241188595978e-02 6.963514212440051194e-06 1.701449444647552399e-04 9.469186962616676407e-05 1.467340952233982991e-03 8.537909352000845047e+02
2.676847768637396346e-03 2.625458374412354204e-02 5.144386897354011958e-06 1.361200638896329143e-04 9.626016940853945956e-05 1.229929617679160255e-03 8.460864774511638871e+02
2.223930082274951873e-03 2.342288333601366332e-02 5.566969245913737163e-06 1.497722807219199412e-04 9.587638303604572687e-05 1.279102533313916309e-03 9.047541330066970886e+02
2.083105917197205365e-03 2.294744858939667953e-02 6.765443810007973916e-06 1.897561375617610720e-04 9.278907363384332149e-05 1.329909398732452867e-03 8.899064273602745061e+02
2.369356233502564486e-03 2.248947516494340798e-02 5.640579478489922302e-06 1.696399467059323365e-04 9.616822516990225988e-05 1.228213956143890543e-03 8.716290362021669580e+02
1.899103005199866872e-03 2.430674197828660427e-02 6.614582623879622878e-06 1.674757102022903605e-04 8.820351771263119705e-05 1.325702383692734052e-03 8.463993664788234810e+02
1.512909069581544084e-03 1.828185250930581401e-02 5.711815041057720981e-06 1.125365527366497257e-04 7.427981424694253348e-05 9.890754038252445781e-04 8.856797391526043839e+02
1.979623918338095038e-03 2.265119921585618742e-02 5.598919869064481924e-06 1.403743681615827034e-04 8.789265897377210670e-05 1.243188050372240339e-03 8.932285939352753985e+02
2.141279393218558248e-03 1.983779807031073664e-02 4.420955233903732726e-06 1.229812655022275239e-04 8.581729452379303089e-05 1.075907584099372464e-03 8.804152851258583041e+02
1.966015331781564238e-03 2.398780087842011799e-02 6.947184590707305078e-06 1.618204268613761265e-04 8.814585592550372212e-05 1.263100564818309818e-03 8.907010808572125597e+02
2.700722210738761529e-03 2.229809510829229915e-02 3.902406447845766942e-06 1.052258964999684823e-04 8.909475309755514024e-05 9.659729300812391851e-04 8.987992714355220869e+02
2.416489326115832219e-03 2.216229375728237180e-02 5.638647067346764547e-06 1.595462343648070414e-04 9.579864935808415623e-05 1.193746635731247896e-03 8.970201480616632352e+02
1.944275734505742552e-03 2.152278117991619430e-02 6.739110221205253136e-06 1.511710750663883469e-04 8.723431210333467084e-05 1.130530889585659293e-03 8.986563013751497238e+02
2.287286626190477862e-03 2.673404913841587183e-02 6.571676855366544734e-06 1.845515213062112812e-04 9.482649689856164764e-05 1.402657090482935676e-03 8.422633747560438451e+02
1.635088182744189609e-03 2.003700817717335783e-02 6.844336857893147991e-06 1.375929922572295000e-04 7.755018974726243211e-05 1.047691951936170849e-03 8.789439552753000271e+02
5.881015022910949033e-03 4.188624926747308574e-02 5.186710643020871313e-06 8.775853426173616542e-05 1.480505710337740792e-04 1.255710011962411906e-03 8.733543422163377272e+02
3.276538903551849072e-03 2.601552870605982129e-02 5.644207043459517414e-06 1.531865031529867026e-04 1.158489989729453328e-04 1.238986453871691179e-03 9.027980525157752254e+02
2.336541280956686874e-03 2.440254095578529500e-02 5.725415158996807421e-06 1.903518785402675607e-04 9.491540164397238902e-05 1.320400277130146524e-03 8.722298156811921217e+02
1.822907289542707865e-03 2.122886962521489118e-02 5.711930902122666436e-06 1.403547241611215624e-04 8.390344689288379567e-05 1.187430656189692596e-03 8.818943198068733409e+02
2.780681690526809035e-03 2.419793320596518721e-02 4.321102565354475561e-06 1.235501924755837784e-04 9.593161938435077482e-05 1.126407008748482250e-03 9.150097493370227539e+02
1.612168436213345588e-03 1.833076696339393588e-02 5.692626752154633473e-06 1.118250856899474278e-04 7.548421143507429393e-05 9.740858339601615300e-04 8.697847738291096675e+02
1.772244804695806593e-03 2.107636591363562170e-02 6.176260499886107869e-06 1.264936040834163829e-04 8.367575164938115175e-05 1.094333289485569481e-03 8.484730822101926151e+02
1.917384718345202825e-03 2.484331020040270871e-02 6.109135207234911042e-06 1.628304182967779505e-04 8.551370895351959435e-05 1.347601276306378956e-03 8.791574398953317768e+02
1.717558029778830766e-03 2.068823272220896015e-02 5.106815754867309369e-06 1.237028990056538043e-04 7.725143775420236284e-05 1.125069194476136609e-03 8.873639722765742590e+02
3.180584115682293794e-03 2.402849916882272840e-02 5.159657612237109821e-06 1.339994246598898153e-04 1.094529010198010144e-04 1.108916795889537156e-03 8.676679516802040553e+02
2.258234443282866166e-03 2.178342782264409278e-02 5.295497200655004184e-06 1.577174563625703002e-04 9.244306235589523678e-05 1.197522837046363989e-03 8.685856135415165227e+02
1.798662701786919076e-03 2.097808694441532368e-02 6.303451565662652761e-06 1.471647673298345218e-04 8.080866463248396645e-05 1.099358146192603095e-03 8.791333730784025420e+02
2.848957611769630232e-03 2.203298357198314739e-02 4.747643612188261008e-06 1.643386566576665673e-04 9.903698029492060166e-05 1.085753600602219066e-03 9.098504645416652465e+02
1.699837036871722305e-03 1.988281436963041521e-02 5.430006426943102486e-06 1.235494062703918459e-04 7.877484046974656234e-05 1.080505184728667092e-03 8.713634434729389113e+02
2.727643350703857963e-03 2.672981293452128884e-02 5.572253354888404559e-06 1.679653168667143539e-04 1.008903170780027476e-04 1.304441393382337489e-03 8.821511164395983542e+02
2.711609928294608524e-03 2.397364432184232244e-02 4.529643274307559217e-06 1.394504213692953330e-04 9.698419360909578814e-05 1.139891676303157655e-03 9.120847424151596670e+02
