1.742494000000000000e+06 9.603825000000000000e+05 5.848514000000000233e+05 3.435090000000000000e+05 1.758897000000000116e+05 8.508880000000000291e+04 3.279948999999999796e+04 8.251602000000000771e+03 2.123454000000000178e+03 3.320065000000000168e+02
9.603825000000000000e+05 7.919001999999999534e+05 3.824375999999999767e+05 2.431642000000000116e+05 1.148471000000000058e+05 5.855422000000000116e+04 2.464756000000000131e+04 5.356268000000000029e+03 1.764780999999999949e+03 3.367472999999999956e+02
5.848514000000000233e+05 3.824375999999999767e+05 3.071035999999999767e+05 1.430677999999999884e+05 6.967977000000000407e+04 3.335068000000000029e+04 1.326979999999999927e+04 3.556634000000000015e+03 8.066459999999999582e+02 2.235352000000000032e+02
3.435090000000000000e+05 2.431642000000000116e+05 1.430677999999999884e+05 1.241448000000000029e+05 4.168508999999999651e+04 1.940975999999999840e+04 8.443290999999999258e+03 2.288177999999999884e+03 5.024327999999999861e+02 1.306154999999999973e+02
1.758897000000000116e+05 1.148471000000000058e+05 6.967977000000000407e+04 4.168508999999999651e+04 3.825022000000000116e+04 1.137710000000000036e+04 4.152532000000000153e+03 1.053095000000000027e+03 3.165153999999999996e+02 2.114221999999999824e+01
8.508880000000000291e+04 5.855422000000000116e+04 3.335068000000000029e+04 1.940975999999999840e+04 1.137710000000000036e+04 1.183255999999999949e+04 2.118923999999999978e+03 4.966530999999999949e+02 2.212934999999999945e+02 4.849884000000000306e+00
3.279948999999999796e+04 2.464756000000000131e+04 1.326979999999999927e+04 8.443290999999999258e+03 4.152532000000000153e+03 2.118923999999999978e+03 2.978652999999999793e+03 3.094880999999999744e+02 4.023960999999999899e+01 7.520438999999999652e+00
8.251602000000000771e+03 5.356268000000000029e+03 3.556634000000000015e+03 2.288177999999999884e+03 1.053095000000000027e+03 4.966530999999999949e+02 3.094880999999999744e+02 5.943369000000000142e+02 7.953185999999999645e+00 1.808959999999999901e+00
2.123454000000000178e+03 1.764780999999999949e+03 8.066459999999999582e+02 5.024327999999999861e+02 3.165153999999999996e+02 2.212934999999999945e+02 4.023960999999999899e+01 7.953185999999999645e+00 9.643433000000000277e+01 2.857689000000000146e+00
3.320065000000000168e+02 3.367472999999999956e+02 2.235352000000000032e+02 1.306154999999999973e+02 2.114221999999999824e+01 4.849884000000000306e+00 7.520438999999999652e+00 1.808959999999999901e+00 2.857689000000000146e+00 7.914200000000000124e+00
