2.130646000000000000e+06 1.169949000000000000e+06 7.119526999999999534e+05 4.160030000000000000e+05 2.244826000000000058e+05 1.091006999999999971e+05 3.933501000000000204e+04 1.049821999999999935e+04 3.023376000000000204e+03 2.312272000000000105e+02
1.169949000000000000e+06 8.966533000000000466e+05 4.543107000000000116e+05 2.730984000000000233e+05 1.421682000000000116e+05 6.969011999999999534e+04 2.699279999999999927e+04 6.803186999999999898e+03 1.635174999999999955e+03 2.412778000000000134e+02
7.119526999999999534e+05 4.543107000000000116e+05 3.757227000000000116e+05 1.689627000000000116e+05 8.894469999999999709e+04 4.227609999999999854e+04 1.552202000000000044e+04 5.220673999999999978e+03 1.137910000000000082e+03 1.707829999999999870e+02
4.160030000000000000e+05 2.730984000000000233e+05 1.689627000000000116e+05 1.430482999999999884e+05 5.190541000000000349e+04 2.437777000000000044e+04 9.412792999999999665e+03 2.588692000000000007e+03 5.171657000000000153e+02 1.049470000000000027e+02
2.244826000000000058e+05 1.421682000000000116e+05 8.894469999999999709e+04 5.190541000000000349e+04 4.954679000000000087e+04 1.401726000000000022e+04 5.217681999999999789e+03 1.620181000000000040e+03 3.225543000000000120e+02 6.660013999999999612e+01
1.091006999999999971e+05 6.969011999999999534e+04 4.227609999999999854e+04 2.437777000000000044e+04 1.401726000000000022e+04 1.333837000000000080e+04 2.626103000000000065e+03 5.357952000000000226e+02 2.654259000000000128e+02 2.989461999999999975e+01
3.933501000000000204e+04 2.699279999999999927e+04 1.552202000000000044e+04 9.412792999999999665e+03 5.217681999999999789e+03 2.626103000000000065e+03 3.593309999999999945e+03 3.805910999999999831e+02 3.588485000000000014e+01 5.664696000000000176e+00
1.049821999999999935e+04 6.803186999999999898e+03 5.220673999999999978e+03 2.588692000000000007e+03 1.620181000000000040e+03 5.357952000000000226e+02 3.805910999999999831e+02 6.574321999999999662e+02 -5.387894000000000183e+00 3.508758999999999961e+00
3.023376000000000204e+03 1.635174999999999955e+03 1.137910000000000082e+03 5.171657000000000153e+02 3.225543000000000120e+02 2.654259000000000128e+02 3.588485000000000014e+01 -5.387894000000000183e+00 1.004265000000000043e+02 2.101357000000000141e+00
2.312272000000000105e+02 2.412778000000000134e+02 1.707829999999999870e+02 1.049470000000000027e+02 6.660013999999999612e+01 2.989461999999999975e+01 5.664696000000000176e+00 3.508758999999999961e+00 2.101357000000000141e+00 9.785538000000000736e+00
