# M_low [Msun/h] M_high[Msun/h] Number M_total[Msun/h]
1.290174999999999983e+01 1.313225000000000087e+01 2.764240000000000000e+05 2.834579000000000000e+18
1.313225000000000087e+01 1.336275000000000013e+01 1.522000000000000000e+05 2.652299000000000000e+18
1.336275000000000013e+01 1.359323999999999977e+01 8.055700000000000000e+04 2.379100000000000000e+18
1.359323999999999977e+01 1.382374000000000080e+01 4.020300000000000000e+04 2.010902000000000000e+18
1.382374000000000080e+01 1.405424000000000007e+01 1.730700000000000000e+04 1.464756000000000000e+18
1.405424000000000007e+01 1.428472999999999971e+01 6.668000000000000000e+03 9.503420000000000000e+17
1.428472999999999971e+01 1.451523000000000074e+01 2.173000000000000000e+03 5.222250000000000000e+17
1.451523000000000074e+01 1.474572000000000038e+01 5.280000000000000000e+02 2.126900000000000000e+17
1.474572000000000038e+01 1.497621999999999964e+01 9.700000000000000000e+01 6.641923000000000000e+16
1.497621999999999964e+01 1.520672000000000068e+01 6.000000000000000000e+00 6.867000000000000000e+15
