# M_low [Msun/h] M_high[Msun/h] Number M_total[Msun/h]
1.290174999999999983e+01 1.319214999999999982e+01 4.100770000000000000e+05 4.493039000000000000e+18
1.319214999999999982e+01 1.348254999999999981e+01 2.169660000000000000e+05 4.632072000000000000e+18
1.348254999999999981e+01 1.377294999999999980e+01 1.087820000000000000e+05 4.518868000000000000e+18
1.377294999999999980e+01 1.406334999999999980e+01 5.144500000000000000e+04 4.145993000000000000e+18
1.406334999999999980e+01 1.435374999999999979e+01 2.155800000000000000e+04 3.366659000000000000e+18
1.435374999999999979e+01 1.464414999999999978e+01 7.514000000000000000e+03 2.258974000000000000e+18
1.464414999999999978e+01 1.493454999999999977e+01 2.035000000000000000e+03 1.168323000000000000e+18
1.493454999999999977e+01 1.522494999999999976e+01 3.680000000000000000e+02 4.006089000000000000e+17
1.522494999999999976e+01 1.551534999999999975e+01 2.300000000000000000e+01 4.539260000000000000e+16
1.551534999999999975e+01 1.580574999999999974e+01 1.000000000000000000e+00 3.604800000000000000e+15
