# M_low [Msun/h] M_high[Msun/h] Number M_total[Msun/h]
1.290174999999999983e+01 1.309393000000000029e+01 1.754360000000000000e+05 1.722830000000000000e+18
1.309393000000000029e+01 1.328609999999999935e+01 9.854300000000000000e+04 1.507109000000000000e+18
1.328609999999999935e+01 1.347827999999999982e+01 5.316900000000000000e+04 1.261809000000000000e+18
1.347827999999999982e+01 1.367046000000000028e+01 2.695600000000000000e+04 9.936139000000000000e+17
1.367046000000000028e+01 1.386262999999999934e+01 1.220000000000000000e+04 6.983219000000000000e+17
1.386262999999999934e+01 1.405480999999999980e+01 4.889000000000000000e+03 4.326732000000000000e+17
1.405480999999999980e+01 1.424699000000000026e+01 1.722000000000000000e+03 2.349337000000000000e+17
1.424699000000000026e+01 1.443915999999999933e+01 5.480000000000000000e+02 1.157928000000000000e+17
1.443915999999999933e+01 1.463133999999999979e+01 1.060000000000000000e+02 3.508422000000000000e+16
1.463133999999999979e+01 1.482351000000000063e+01 2.100000000000000000e+01 1.037375000000000000e+16
