# M_low [Msun/h] M_high[Msun/h] Number M_total[Msun/h]
1.290174999999999983e+01 1.311749999999999972e+01 2.392480000000000000e+05 2.410906000000000000e+18
1.311749999999999972e+01 1.333323999999999998e+01 1.342930000000000000e+05 2.224069000000000000e+18
1.333323999999999998e+01 1.354898000000000025e+01 7.186300000000000000e+04 1.952159000000000000e+18
1.354898000000000025e+01 1.376473000000000013e+01 3.586300000000000000e+04 1.595449000000000000e+18
1.376473000000000013e+01 1.398047000000000040e+01 1.592000000000000000e+04 1.158653000000000000e+18
1.398047000000000040e+01 1.419621000000000066e+01 6.324000000000000000e+03 7.508549000000000000e+17
1.419621000000000066e+01 1.441194999999999915e+01 2.098000000000000000e+03 4.057371000000000000e+17
1.441194999999999915e+01 1.462770000000000081e+01 5.960000000000000000e+02 1.872055000000000000e+17
1.462770000000000081e+01 1.484343999999999930e+01 1.010000000000000000e+02 5.330065000000000000e+16
1.484343999999999930e+01 1.505917999999999957e+01 1.500000000000000000e+01 1.253890000000000000e+16
