# M_low [Msun/h] M_high[Msun/h] Number M_total[Msun/h]
1.290174999999999983e+01 1.310490000000000066e+01 2.055480000000000000e+05 2.044844000000000000e+18
1.310490000000000066e+01 1.330804000000000009e+01 1.158140000000000000e+05 1.838294000000000000e+18
1.330804000000000009e+01 1.351117999999999952e+01 6.220800000000000000e+04 1.569843000000000000e+18
1.351117999999999952e+01 1.371432000000000073e+01 3.151800000000000000e+04 1.266198000000000000e+18
1.371432000000000073e+01 1.391746999999999979e+01 1.427300000000000000e+04 9.131474000000000000e+17
1.391746999999999979e+01 1.412060999999999922e+01 5.638000000000000000e+03 5.725646000000000000e+17
1.412060999999999922e+01 1.432375000000000043e+01 1.937000000000000000e+03 3.106003000000000000e+17
1.432375000000000043e+01 1.452688999999999986e+01 5.800000000000000000e+02 1.472883000000000000e+17
1.452688999999999986e+01 1.473004000000000069e+01 1.100000000000000000e+02 4.481306000000000000e+16
1.473004000000000069e+01 1.493318000000000012e+01 2.400000000000000000e+01 1.487196000000000000e+16
