# M_low [Msun/h] M_high[Msun/h] Number M_total[Msun/h]
1.290174999999999983e+01 1.299286999999999992e+01 4.583000000000000000e+03 4.029914000000000000e+16
1.299286999999999992e+01 1.308398000000000039e+01 2.593000000000000000e+03 2.811041000000000000e+16
1.308398000000000039e+01 1.317510000000000048e+01 1.392000000000000000e+03 1.857115000000000000e+16
1.317510000000000048e+01 1.326620999999999917e+01 7.440000000000000000e+02 1.221699000000000000e+16
1.326620999999999917e+01 1.335732999999999926e+01 3.730000000000000000e+02 7.539179000000000000e+15
1.335732999999999926e+01 1.344843999999999973e+01 1.520000000000000000e+02 3.823046000000000000e+15
1.344843999999999973e+01 1.353955999999999982e+01 8.900000000000000000e+01 2.743536000000000000e+15
1.353955999999999982e+01 1.363067999999999991e+01 2.900000000000000000e+01 1.100962000000000000e+15
1.363067999999999991e+01 1.372179000000000038e+01 1.300000000000000000e+01 6.138280000000000000e+14
1.372179000000000038e+01 1.381291000000000047e+01 9.000000000000000000e+00 4.983020000000000000e+14
