# M_low [Msun/h] M_high[Msun/h] Number M_total[Msun/h]
1.290174999999999983e+01 1.314362999999999992e+01 3.096740000000000000e+05 3.216459000000000000e+18
1.314362999999999992e+01 1.338551000000000002e+01 1.708160000000000000e+05 3.094314000000000000e+18
1.338551000000000002e+01 1.362739000000000011e+01 9.010600000000000000e+04 2.841419000000000000e+18
1.362739000000000011e+01 1.386927000000000021e+01 4.499700000000000000e+04 2.466613000000000000e+18
1.386927000000000021e+01 1.411115000000000030e+01 1.977700000000000000e+04 1.881830000000000000e+18
1.411115000000000030e+01 1.435303000000000040e+01 7.580000000000000000e+03 1.249324000000000000e+18
1.435303000000000040e+01 1.459490000000000087e+01 2.423000000000000000e+03 6.882847000000000000e+17
1.459490000000000087e+01 1.483677999999999919e+01 5.880000000000000000e+02 2.872533000000000000e+17
1.483677999999999919e+01 1.507865999999999929e+01 9.700000000000000000e+01 8.062947000000000000e+16
1.507865999999999929e+01 1.532053999999999938e+01 1.000000000000000000e+01 1.334220000000000000e+16
