# M_low [Msun/h] M_high[Msun/h] Number M_total[Msun/h]
1.290174999999999983e+01 1.316074000000000055e+01 3.481250000000000000e+05 3.686493000000000000e+18
1.316074000000000055e+01 1.341971999999999987e+01 1.886770000000000000e+05 3.623975000000000000e+18
1.341971999999999987e+01 1.367871000000000059e+01 9.816400000000000000e+04 3.411591000000000000e+18
1.367871000000000059e+01 1.393768999999999991e+01 4.786800000000000000e+04 3.004024000000000000e+18
1.393768999999999991e+01 1.419668000000000063e+01 2.090800000000000000e+04 2.365271000000000000e+18
1.419668000000000063e+01 1.445565999999999995e+01 7.777000000000000000e+03 1.583411000000000000e+18
1.445565999999999995e+01 1.471465000000000067e+01 2.339000000000000000e+03 8.560163000000000000e+17
1.471465000000000067e+01 1.497363000000000000e+01 5.020000000000000000e+02 3.250302000000000000e+17
1.497363000000000000e+01 1.523262000000000072e+01 6.400000000000000000e+01 7.140661000000000000e+16
1.523262000000000072e+01 1.549160000000000004e+01 6.000000000000000000e+00 1.228200000000000000e+16
