3.288439000000000000e+06 1.770626000000000000e+06 1.072884000000000000e+06 5.706660000000000000e+05 3.151320000000000000e+05 1.389927000000000116e+05 4.492919000000000233e+04 9.871837999999999738e+03 1.351926999999999907e+03 -2.288684999999999903e+01
1.770626000000000000e+06 1.280046000000000000e+06 6.412808000000000466e+05 3.487927999999999884e+05 1.948116000000000058e+05 8.539733000000000175e+04 2.779052000000000044e+04 6.060827000000000226e+03 5.394248000000000047e+02 -9.742653000000000674e+00
1.072884000000000000e+06 6.412808000000000466e+05 5.024400999999999767e+05 2.132487999999999884e+05 1.159808999999999942e+05 5.282677999999999884e+04 1.645684000000000015e+04 3.688719000000000051e+03 4.534212999999999738e+02 -7.450263999999999776e+00
5.706660000000000000e+05 3.487927999999999884e+05 2.132487999999999884e+05 1.745961000000000058e+05 6.672957000000000698e+04 2.760440999999999985e+04 9.304013000000000829e+03 2.362282999999999902e+03 1.257480999999999938e+02 2.048140000000000072e+01
3.151320000000000000e+05 1.948116000000000058e+05 1.159808999999999942e+05 6.672957000000000698e+04 5.711852999999999884e+04 1.589439999999999964e+04 5.104381999999999607e+03 1.185866999999999962e+03 1.373054999999999950e+02 1.890830999999999928e+00
1.389927000000000116e+05 8.539733000000000175e+04 5.282677999999999884e+04 2.760440999999999985e+04 1.589439999999999964e+04 1.470539999999999964e+04 2.414061000000000149e+03 4.434447000000000116e+02 1.162296000000000049e+02 -6.744613999999999887e-01
4.492919000000000233e+04 2.779052000000000044e+04 1.645684000000000015e+04 9.304013000000000829e+03 5.104381999999999607e+03 2.414061000000000149e+03 2.883027999999999793e+03 9.815166999999999575e+01 1.156136000000000053e+01 1.023387999999999964e+00
9.871837999999999738e+03 6.060827000000000226e+03 3.688719000000000051e+03 2.362282999999999902e+03 1.185866999999999962e+03 4.434447000000000116e+02 9.815166999999999575e+01 3.947275000000000205e+02 4.460022000000000375e+00 2.807007000000000252e-01
1.351926999999999907e+03 5.394248000000000047e+02 4.534212999999999738e+02 1.257480999999999938e+02 1.373054999999999950e+02 1.162296000000000049e+02 1.156136000000000053e+01 4.460022000000000375e+00 2.192389000000000010e+01 -4.483414000000000149e-02
-2.288684999999999903e+01 -9.742653000000000674e+00 -7.450263999999999776e+00 2.048140000000000072e+01 1.890830999999999928e+00 -6.744613999999999887e-01 1.023387999999999964e+00 2.807007000000000252e-01 -4.483414000000000149e-02 9.960976000000000274e-01
