# M_low [Msun/h] M_high[Msun/h] Number M_total[Msun/h]
1.290174999999999983e+01 1.318097999999999992e+01 3.868350000000000000e+05 4.185047000000000000e+18
1.318097999999999992e+01 1.346021000000000001e+01 2.068180000000000000e+05 4.248831000000000000e+18
1.346021000000000001e+01 1.373944000000000010e+01 1.044690000000000000e+05 4.075026000000000000e+18
1.373944000000000010e+01 1.401867999999999981e+01 4.965900000000000000e+04 3.661808000000000000e+18
1.401867999999999981e+01 1.429790999999999990e+01 2.099300000000000000e+04 2.923201000000000000e+18
1.429790999999999990e+01 1.457713999999999999e+01 7.455000000000000000e+03 1.955643000000000000e+18
1.457713999999999999e+01 1.485637000000000008e+01 2.031000000000000000e+03 9.992758000000000000e+17
1.485637000000000008e+01 1.513560000000000016e+01 3.860000000000000000e+02 3.520331000000000000e+17
1.513560000000000016e+01 1.541483000000000025e+01 3.000000000000000000e+01 5.070900000000000000e+16
1.541483000000000025e+01 1.569406000000000034e+01 1.000000000000000000e+00 3.137600000000000000e+15
