# M_low [Msun/h] M_high[Msun/h] Number M_total[Msun/h]
1.290174999999999983e+01 1.303256999999999977e+01 3.972400000000000000e+04 3.643043000000000000e+17
1.303256999999999977e+01 1.316338000000000008e+01 2.250300000000000000e+04 2.790723000000000000e+17
1.316338000000000008e+01 1.329419000000000040e+01 1.241800000000000000e+04 2.078547000000000000e+17
1.329419000000000040e+01 1.342501000000000033e+01 6.461000000000000000e+03 1.457848000000000000e+17
1.342501000000000033e+01 1.355582000000000065e+01 3.119000000000000000e+03 9.506149000000000000e+16
1.355582000000000065e+01 1.368664000000000058e+01 1.459000000000000000e+03 6.000879000000000000e+16
1.368664000000000058e+01 1.381744999999999912e+01 5.560000000000000000e+02 3.072224000000000000e+16
1.381744999999999912e+01 1.394825999999999944e+01 1.990000000000000000e+02 1.491864000000000000e+16
1.394825999999999944e+01 1.407907999999999937e+01 6.200000000000000000e+01 6.158437000000000000e+15
1.407907999999999937e+01 1.420988999999999969e+01 1.400000000000000000e+01 1.910690000000000000e+15
