# M_low [Msun/h] M_high[Msun/h] Number M_total[Msun/h]
1.280592000000000041e+01 1.307653999999999961e+01 3.591590000000000000e+05 3.090860000000000000e+18
1.307653999999999961e+01 1.334716000000000058e+01 2.034590000000000000e+05 3.264975000000000000e+18
1.334716000000000058e+01 1.361777999999999977e+01 1.112250000000000000e+05 3.324545000000000000e+18
1.361777999999999977e+01 1.388840000000000074e+01 5.849200000000000000e+04 3.250641000000000000e+18
1.388840000000000074e+01 1.415901999999999994e+01 2.898800000000000000e+04 2.985671000000000000e+18
1.415901999999999994e+01 1.442963999999999913e+01 1.299400000000000000e+04 2.485516000000000000e+18
1.442963999999999913e+01 1.470025000000000048e+01 4.937000000000000000e+03 1.745586000000000000e+18
1.470025000000000048e+01 1.497086999999999968e+01 1.573000000000000000e+03 1.020759000000000000e+18
1.497086999999999968e+01 1.524149000000000065e+01 3.340000000000000000e+02 3.988527000000000000e+17
1.524149000000000065e+01 1.551210999999999984e+01 4.900000000000000000e+01 1.023469000000000000e+17
