# M_low [Msun/h] M_high[Msun/h] Number M_total[Msun/h]
1.280592000000000041e+01 1.304532000000000025e+01 2.731350000000000000e+05 2.269322000000000000e+18
1.304532000000000025e+01 1.328472000000000008e+01 1.512720000000000000e+05 2.180123000000000000e+18
1.328472000000000008e+01 1.352411999999999992e+01 8.083800000000000000e+04 2.014652000000000000e+18
1.352411999999999992e+01 1.376351999999999975e+01 4.017800000000000000e+04 1.734090000000000000e+18
1.376351999999999975e+01 1.400291999999999959e+01 1.821100000000000000e+04 1.356528000000000000e+18
1.400291999999999959e+01 1.424231999999999942e+01 7.392000000000000000e+03 9.494143000000000000e+17
1.424231999999999942e+01 1.448171999999999926e+01 2.597000000000000000e+03 5.729491000000000000e+17
1.448171999999999926e+01 1.472112000000000087e+01 6.770000000000000000e+02 2.539753000000000000e+17
1.472112000000000087e+01 1.496052000000000071e+01 1.250000000000000000e+02 7.886312000000000000e+16
1.496052000000000071e+01 1.519992000000000054e+01 1.800000000000000000e+01 1.924010000000000000e+16
