# M_low [Msun/h] M_high[Msun/h] Number M_total[Msun/h]
1.280592000000000041e+01 1.304137000000000057e+01 2.492780000000000000e+05 2.058252000000000000e+18
1.304137000000000057e+01 1.327680999999999933e+01 1.366450000000000000e+05 1.938493000000000000e+18
1.327680999999999933e+01 1.351225999999999949e+01 7.065400000000000000e+04 1.718595000000000000e+18
1.351225999999999949e+01 1.374770000000000003e+01 3.411700000000000000e+04 1.423554000000000000e+18
1.374770000000000003e+01 1.398315000000000019e+01 1.484800000000000000e+04 1.060559000000000000e+18
1.398315000000000019e+01 1.421860000000000035e+01 5.751000000000000000e+03 6.998842000000000000e+17
1.421860000000000035e+01 1.445404000000000089e+01 1.878000000000000000e+03 3.894674000000000000e+17
1.445404000000000089e+01 1.468948999999999927e+01 4.510000000000000000e+02 1.586940000000000000e+17
1.468948999999999927e+01 1.492492999999999981e+01 6.600000000000000000e+01 3.878217000000000000e+16
1.492492999999999981e+01 1.516037999999999997e+01 7.000000000000000000e+00 7.464820000000000000e+15
