# M_low [Msun/h] M_high[Msun/h] Number M_total[Msun/h]
1.280592000000000041e+01 1.291634999999999955e+01 9.765000000000000000e+03 6.998557000000000000e+16
1.291634999999999955e+01 1.302678000000000047e+01 5.511000000000000000e+03 5.103357000000000000e+16
1.302678000000000047e+01 1.313721999999999923e+01 2.942000000000000000e+03 3.517460000000000000e+16
1.313721999999999923e+01 1.324765000000000015e+01 1.499000000000000000e+03 2.311163000000000000e+16
1.324765000000000015e+01 1.335807999999999929e+01 6.960000000000000000e+02 1.376933000000000000e+16
1.335807999999999929e+01 1.346851000000000020e+01 3.280000000000000000e+02 8.403071000000000000e+15
1.346851000000000020e+01 1.357893999999999934e+01 1.340000000000000000e+02 4.404438000000000000e+15
1.357893999999999934e+01 1.368937000000000026e+01 4.200000000000000000e+01 1.788209000000000000e+15
1.368937000000000026e+01 1.379979999999999940e+01 1.800000000000000000e+01 1.004872000000000000e+15
1.379979999999999940e+01 1.391023000000000032e+01 5.000000000000000000e+00 3.573860000000000000e+14
