# M_low [Msun/h] M_high[Msun/h] Number M_total[Msun/h]
1.280592000000000041e+01 1.297755000000000081e+01 6.812500000000000000e+04 5.226157000000000000e+17
1.297755000000000081e+01 1.314916999999999980e+01 3.536200000000000000e+04 4.019407000000000000e+17
1.314916999999999980e+01 1.332080000000000020e+01 1.740700000000000000e+04 2.934341000000000000e+17
1.332080000000000020e+01 1.349241999999999919e+01 7.721000000000000000e+03 1.929993000000000000e+17
1.349241999999999919e+01 1.366404999999999959e+01 3.262000000000000000e+03 1.205671000000000000e+17
1.366404999999999959e+01 1.383567000000000036e+01 1.146000000000000000e+03 6.263750000000000000e+16
1.383567000000000036e+01 1.400730000000000075e+01 3.660000000000000000e+02 2.936610000000000000e+16
1.400730000000000075e+01 1.417891999999999975e+01 7.200000000000000000e+01 8.625210000000000000e+15
1.417891999999999975e+01 1.435055000000000014e+01 2.400000000000000000e+01 4.357450000000000000e+15
1.435055000000000014e+01 1.452216999999999913e+01 2.000000000000000000e+00 5.301100000000000000e+14
