# M_low [Msun/h] M_high[Msun/h] Number M_total[Msun/h]
1.280592000000000041e+01 1.305156000000000027e+01 2.968600000000000000e+05 2.485187000000000000e+18
1.305156000000000027e+01 1.329719000000000051e+01 1.654340000000000000e+05 2.435703000000000000e+18
1.329719000000000051e+01 1.354283000000000037e+01 9.007500000000000000e+04 2.327541000000000000e+18
1.354283000000000037e+01 1.378847000000000023e+01 4.575400000000000000e+04 2.079051000000000000e+18
1.378847000000000023e+01 1.403410000000000046e+01 2.145100000000000000e+04 1.704817000000000000e+18
1.403410000000000046e+01 1.427974000000000032e+01 8.869000000000000000e+03 1.231969000000000000e+18
1.427974000000000032e+01 1.452538000000000018e+01 3.304000000000000000e+03 8.024329000000000000e+17
1.452538000000000018e+01 1.477101000000000042e+01 9.130000000000000000e+02 3.820749000000000000e+17
1.477101000000000042e+01 1.501665000000000028e+01 1.840000000000000000e+02 1.338193000000000000e+17
1.501665000000000028e+01 1.526228000000000051e+01 2.400000000000000000e+01 3.037160000000000000e+16
