# M_low [Msun/h] M_high[Msun/h] Number M_total[Msun/h]
1.280592000000000041e+01 1.303368000000000038e+01 2.217400000000000000e+05 1.814369000000000000e+18
1.303368000000000038e+01 1.326144000000000034e+01 1.203240000000000000e+05 1.662005000000000000e+18
1.326144000000000034e+01 1.348920000000000030e+01 6.171600000000000000e+04 1.434569000000000000e+18
1.348920000000000030e+01 1.371695000000000064e+01 2.935700000000000000e+04 1.149107000000000000e+18
1.371695000000000064e+01 1.394471000000000060e+01 1.257000000000000000e+04 8.290610000000000000e+17
1.394471000000000060e+01 1.417247000000000057e+01 4.687000000000000000e+03 5.188286000000000000e+17
1.417247000000000057e+01 1.440023000000000053e+01 1.441000000000000000e+03 2.671190000000000000e+17
1.440023000000000053e+01 1.462799000000000049e+01 3.450000000000000000e+02 1.058033000000000000e+17
1.462799000000000049e+01 1.485574000000000083e+01 5.200000000000000000e+01 2.676353000000000000e+16
1.485574000000000083e+01 1.508350000000000080e+01 3.000000000000000000e+00 2.712740000000000000e+15
