# M_low [Msun/h] M_high[Msun/h] Number M_total[Msun/h]
1.280592000000000041e+01 1.307024000000000008e+01 3.423110000000000000e+05 2.925936000000000000e+18
1.307024000000000008e+01 1.333455000000000013e+01 1.924070000000000000e+05 3.022679000000000000e+18
1.333455000000000013e+01 1.359886999999999979e+01 1.046140000000000000e+05 3.013753000000000000e+18
1.359886999999999979e+01 1.386317999999999984e+01 5.403700000000000000e+04 2.853301000000000000e+18
1.386317999999999984e+01 1.412749999999999950e+01 2.628200000000000000e+04 2.534637000000000000e+18
1.412749999999999950e+01 1.439181999999999917e+01 1.134500000000000000e+04 2.000745000000000000e+18
1.439181999999999917e+01 1.465612999999999921e+01 4.191000000000000000e+03 1.348380000000000000e+18
1.465612999999999921e+01 1.492045000000000066e+01 1.288000000000000000e+03 7.473434000000000000e+17
1.492045000000000066e+01 1.518476000000000070e+01 2.400000000000000000e+02 2.599398000000000000e+17
1.518476000000000070e+01 1.544908000000000037e+01 2.600000000000000000e+01 4.973040000000000000e+16
