# M_low [Msun/h] M_high[Msun/h] Number M_total[Msun/h]
1.280592000000000041e+01 1.306317999999999913e+01 3.223690000000000000e+05 2.732815000000000000e+18
1.306317999999999913e+01 1.332043999999999961e+01 1.801280000000000000e+05 2.758263000000000000e+18
1.332043999999999961e+01 1.357770000000000010e+01 9.695700000000000000e+04 2.677560000000000000e+18
1.357770000000000010e+01 1.383496000000000059e+01 4.979100000000000000e+04 2.481479000000000000e+18
1.383496000000000059e+01 1.409220999999999968e+01 2.336500000000000000e+04 2.094507000000000000e+18
1.409220999999999968e+01 1.434947000000000017e+01 9.784000000000000000e+03 1.575153000000000000e+18
1.434947000000000017e+01 1.460673000000000066e+01 3.561000000000000000e+03 1.028187000000000000e+18
1.460673000000000066e+01 1.486398999999999937e+01 9.880000000000000000e+02 5.045883000000000000e+17
1.486398999999999937e+01 1.512124999999999986e+01 1.960000000000000000e+02 1.816529000000000000e+17
1.512124999999999986e+01 1.537851000000000035e+01 1.800000000000000000e+01 2.985060000000000000e+16
