# M_low [Msun/h] M_high[Msun/h] Number M_total[Msun/h]
1.280592000000000041e+01 1.308212999999999937e+01 3.708540000000000000e+05 3.212849000000000000e+18
1.308212999999999937e+01 1.335834999999999972e+01 2.091890000000000000e+05 3.423954000000000000e+18
1.335834999999999972e+01 1.363456000000000046e+01 1.147270000000000000e+05 3.543781000000000000e+18
1.363456000000000046e+01 1.391076999999999941e+01 6.066100000000000000e+04 3.527125000000000000e+18
1.391076999999999941e+01 1.418698999999999977e+01 3.027600000000000000e+04 3.307650000000000000e+18
1.418698999999999977e+01 1.446320000000000050e+01 1.362600000000000000e+04 2.797995000000000000e+18
1.446320000000000050e+01 1.473940999999999946e+01 5.305000000000000000e+03 2.038876000000000000e+18
1.473940999999999946e+01 1.501562000000000019e+01 1.706000000000000000e+03 1.221209000000000000e+18
1.501562000000000019e+01 1.529184000000000054e+01 3.620000000000000000e+02 4.783166000000000000e+17
1.529184000000000054e+01 1.556804999999999950e+01 5.800000000000000000e+01 1.361496000000000000e+17
