# M_low [Msun/h] M_high[Msun/h] Number M_total[Msun/h]
1.288252999999999915e+01 1.315584999999999916e+01 3.839010000000000000e+05 3.954452000000000000e+18
1.315584999999999916e+01 1.342916999999999916e+01 2.118740000000000000e+05 4.092941000000000000e+18
1.342916999999999916e+01 1.370247999999999955e+01 1.127240000000000000e+05 4.075133000000000000e+18
1.370247999999999955e+01 1.397579999999999956e+01 5.638000000000000000e+04 3.807083000000000000e+18
1.397579999999999956e+01 1.424911999999999956e+01 2.608500000000000000e+04 3.287861000000000000e+18
1.424911999999999956e+01 1.452243999999999957e+01 1.046500000000000000e+04 2.458228000000000000e+18
1.452243999999999957e+01 1.479574999999999996e+01 3.540000000000000000e+03 1.542427000000000000e+18
1.479574999999999996e+01 1.506906999999999996e+01 8.550000000000000000e+02 6.817268000000000000e+17
1.506906999999999996e+01 1.534238999999999997e+01 1.270000000000000000e+02 1.853144000000000000e+17
1.534238999999999997e+01 1.561570999999999998e+01 1.000000000000000000e+01 2.699570000000000000e+16
