# M_low [Msun/h] M_high[Msun/h] Number M_total[Msun/h]
1.288252999999999915e+01 1.308581000000000039e+01 1.804950000000000000e+05 1.715174000000000000e+18
1.308581000000000039e+01 1.328908999999999985e+01 9.927800000000000000e+04 1.506660000000000000e+18
1.328908999999999985e+01 1.349235999999999969e+01 5.147700000000000000e+04 1.244538000000000000e+18
1.349235999999999969e+01 1.369563999999999915e+01 2.514100000000000000e+04 9.668486000000000000e+17
1.369563999999999915e+01 1.389892000000000039e+01 1.081000000000000000e+04 6.608926000000000000e+17
1.389892000000000039e+01 1.410219999999999985e+01 4.130000000000000000e+03 4.011100000000000000e+17
1.410219999999999985e+01 1.430547999999999931e+01 1.379000000000000000e+03 2.128811000000000000e+17
1.430547999999999931e+01 1.450874999999999915e+01 3.440000000000000000e+02 8.348249000000000000e+16
1.450874999999999915e+01 1.471203000000000038e+01 7.400000000000000000e+01 2.841527000000000000e+16
1.471203000000000038e+01 1.491530999999999985e+01 6.000000000000000000e+00 3.334590000000000000e+15
