# M_low [Msun/h] M_high[Msun/h] Number M_total[Msun/h]
1.288252999999999915e+01 1.309083000000000041e+01 2.070590000000000000e+05 1.982154000000000000e+18
1.309083000000000041e+01 1.329912000000000027e+01 1.149870000000000000e+05 1.775527000000000000e+18
1.329912000000000027e+01 1.350741000000000014e+01 6.196400000000000000e+04 1.540947000000000000e+18
1.350741000000000014e+01 1.371570999999999962e+01 3.058200000000000000e+04 1.225317000000000000e+18
1.371570999999999962e+01 1.392399999999999949e+01 1.388800000000000000e+04 8.928776000000000000e+17
1.392399999999999949e+01 1.413230000000000075e+01 5.456000000000000000e+03 5.658153000000000000e+17
1.413230000000000075e+01 1.434059000000000061e+01 1.893000000000000000e+03 3.160981000000000000e+17
1.434059000000000061e+01 1.454889000000000010e+01 5.050000000000000000e+02 1.349367000000000000e+17
1.454889000000000010e+01 1.475717999999999996e+01 1.090000000000000000e+02 4.597108000000000000e+16
1.475717999999999996e+01 1.496547999999999945e+01 1.500000000000000000e+01 1.004063000000000000e+16
