# M_low [Msun/h] M_high[Msun/h] Number M_total[Msun/h]
1.288252999999999915e+01 1.309917000000000087e+01 2.365000000000000000e+05 2.284482000000000000e+18
1.309917000000000087e+01 1.331581000000000081e+01 1.330340000000000000e+05 2.115192000000000000e+18
1.331581000000000081e+01 1.353246000000000038e+01 7.169400000000000000e+04 1.872411000000000000e+18
1.353246000000000038e+01 1.374910000000000032e+01 3.590900000000000000e+04 1.538949000000000000e+18
1.374910000000000032e+01 1.396574000000000026e+01 1.658300000000000000e+04 1.163833000000000000e+18
1.396574000000000026e+01 1.418238000000000021e+01 6.615000000000000000e+03 7.620412000000000000e+17
1.418238000000000021e+01 1.439902000000000015e+01 2.323000000000000000e+03 4.395614000000000000e+17
1.439902000000000015e+01 1.461566000000000010e+01 6.230000000000000000e+02 1.914660000000000000e+17
1.461566000000000010e+01 1.483230000000000004e+01 1.420000000000000000e+02 6.990268000000000000e+16
1.483230000000000004e+01 1.504894999999999960e+01 1.700000000000000000e+01 1.381910000000000000e+16
