# M_low [Msun/h] M_high[Msun/h] Number M_total[Msun/h]
1.288252999999999915e+01 1.302609999999999957e+01 4.225900000000000000e+04 3.757474000000000000e+17
1.302609999999999957e+01 1.316966999999999999e+01 2.284100000000000000e+04 2.828783000000000000e+17
1.316966999999999999e+01 1.331323000000000079e+01 1.189300000000000000e+04 2.045663000000000000e+17
1.331323000000000079e+01 1.345679999999999943e+01 5.860000000000000000e+03 1.399704000000000000e+17
1.345679999999999943e+01 1.360036999999999985e+01 2.649000000000000000e+03 8.735556000000000000e+16
1.360036999999999985e+01 1.374394000000000027e+01 1.010000000000000000e+03 4.635496000000000000e+16
1.374394000000000027e+01 1.388751000000000069e+01 3.820000000000000000e+02 2.429930000000000000e+16
1.388751000000000069e+01 1.403106999999999971e+01 1.220000000000000000e+02 1.087800000000000000e+16
1.403106999999999971e+01 1.417464000000000013e+01 2.600000000000000000e+01 3.220670000000000000e+15
1.417464000000000013e+01 1.431821000000000055e+01 4.000000000000000000e+00 7.054100000000000000e+14
