# M_low [Msun/h] M_high[Msun/h] Number M_total[Msun/h]
1.288252999999999915e+01 1.312429000000000023e+01 3.031420000000000000e+05 3.008617000000000000e+18
1.312429000000000023e+01 1.336603999999999992e+01 1.694710000000000000e+05 2.932497000000000000e+18
1.336603999999999992e+01 1.360779999999999923e+01 9.010800000000000000e+04 2.716830000000000000e+18
1.360779999999999923e+01 1.384956000000000031e+01 4.471000000000000000e+04 2.342681000000000000e+18
1.384956000000000031e+01 1.409131000000000000e+01 2.048000000000000000e+04 1.863615000000000000e+18
1.409131000000000000e+01 1.433306999999999931e+01 8.091000000000000000e+03 1.274906000000000000e+18
1.433306999999999931e+01 1.457483000000000040e+01 2.753000000000000000e+03 7.490398000000000000e+17
1.457483000000000040e+01 1.481658000000000008e+01 6.910000000000000000e+02 3.227902000000000000e+17
1.481658000000000008e+01 1.505833999999999939e+01 1.240000000000000000e+02 1.008728000000000000e+17
1.505833999999999939e+01 1.530010000000000048e+01 1.000000000000000000e+01 1.375640000000000000e+16
