# M_low [Msun/h] M_high[Msun/h] Number M_total[Msun/h]
1.288252999999999915e+01 1.314781999999999940e+01 3.649580000000000000e+05 3.724834000000000000e+18
1.314781999999999940e+01 1.341310999999999964e+01 2.018750000000000000e+05 3.791866000000000000e+18
1.341310999999999964e+01 1.367839999999999989e+01 1.077530000000000000e+05 3.719226000000000000e+18
1.367839999999999989e+01 1.394369000000000014e+01 5.374000000000000000e+04 3.399566000000000000e+18
1.394369000000000014e+01 1.420898000000000039e+01 2.482100000000000000e+04 2.878484000000000000e+18
1.420898000000000039e+01 1.447427000000000064e+01 9.947000000000000000e+03 2.109029000000000000e+18
1.447427000000000064e+01 1.473956000000000088e+01 3.320000000000000000e+03 1.289596000000000000e+18
1.473956000000000088e+01 1.500484999999999935e+01 8.160000000000000000e+02 5.640072000000000000e+17
1.500484999999999935e+01 1.527013999999999960e+01 1.290000000000000000e+02 1.621760000000000000e+17
1.527013999999999960e+01 1.553542999999999985e+01 1.200000000000000000e+01 2.723450000000000000e+16
