# M_low [Msun/h] M_high[Msun/h] Number M_total[Msun/h]
1.288252999999999915e+01 1.298574999999999946e+01 4.934000000000000000e+03 4.199923000000000000e+16
1.298574999999999946e+01 1.308896999999999977e+01 2.664000000000000000e+03 2.871035000000000000e+16
1.308896999999999977e+01 1.319219000000000008e+01 1.384000000000000000e+03 1.894864000000000000e+16
1.319219000000000008e+01 1.329542000000000002e+01 6.500000000000000000e+02 1.122013000000000000e+16
1.329542000000000002e+01 1.339864000000000033e+01 2.940000000000000000e+02 6.475819000000000000e+15
1.339864000000000033e+01 1.350186000000000064e+01 1.300000000000000000e+02 3.588662000000000000e+15
1.350186000000000064e+01 1.360507999999999917e+01 4.800000000000000000e+01 1.708913000000000000e+15
1.360507999999999917e+01 1.370829999999999949e+01 1.800000000000000000e+01 8.098990000000000000e+14
1.370829999999999949e+01 1.381151999999999980e+01 7.000000000000000000e+00 3.765460000000000000e+14
