# M_low [Msun/h] M_high[Msun/h] Number M_total[Msun/h]
1.288252999999999915e+01 1.310964000000000063e+01 2.681250000000000000e+05 2.621373000000000000e+18
1.310964000000000063e+01 1.333675000000000033e+01 1.508970000000000000e+05 2.487258000000000000e+18
1.333675000000000033e+01 1.356386000000000003e+01 8.105700000000000000e+04 2.249534000000000000e+18
1.356386000000000003e+01 1.379096999999999973e+01 4.109500000000000000e+04 1.915314000000000000e+18
1.379096999999999973e+01 1.401807999999999943e+01 1.897400000000000000e+04 1.487403000000000000e+18
1.401807999999999943e+01 1.424518999999999913e+01 7.591000000000000000e+03 9.952998000000000000e+17
1.424518999999999913e+01 1.447230000000000061e+01 2.692000000000000000e+03 5.918534000000000000e+17
1.447230000000000061e+01 1.469941000000000031e+01 7.160000000000000000e+02 2.609198000000000000e+17
1.469941000000000031e+01 1.492652000000000001e+01 1.520000000000000000e+02 9.231161000000000000e+16
1.492652000000000001e+01 1.515362999999999971e+01 1.700000000000000000e+01 1.717949000000000000e+16
