# M_low [Msun/h] M_high[Msun/h] Number M_total[Msun/h]
1.288252999999999915e+01 1.313272000000000084e+01 3.314080000000000000e+05 3.323240000000000000e+18
1.313272000000000084e+01 1.338291000000000075e+01 1.863330000000000000e+05 3.322555000000000000e+18
1.338291000000000075e+01 1.363308999999999926e+01 9.998300000000000000e+04 3.167449000000000000e+18
1.363308999999999926e+01 1.388327999999999918e+01 5.035700000000000000e+04 2.826077000000000000e+18
1.388327999999999918e+01 1.413347000000000087e+01 2.353600000000000000e+04 2.332618000000000000e+18
1.413347000000000087e+01 1.438366000000000078e+01 9.531000000000000000e+03 1.670996000000000000e+18
1.438366000000000078e+01 1.463383999999999929e+01 3.313000000000000000e+03 1.023872000000000000e+18
1.463383999999999929e+01 1.488402999999999921e+01 8.770000000000000000e+02 4.707347000000000000e+17
1.488402999999999921e+01 1.513421999999999912e+01 1.610000000000000000e+02 1.542766000000000000e+17
1.513421999999999912e+01 1.538441000000000081e+01 1.400000000000000000e+01 2.253580000000000000e+16
