# M_low [Msun/h] M_high[Msun/h] Number M_total[Msun/h]
1.289339999999999975e+01 1.312894999999999968e+01 2.858600000000000000e+05 2.891920000000000000e+18
1.312894999999999968e+01 1.336450999999999922e+01 1.582540000000000000e+05 2.752155000000000000e+18
1.336450999999999922e+01 1.360005999999999915e+01 8.458200000000000000e+04 2.521201000000000000e+18
1.360005999999999915e+01 1.383561000000000085e+01 4.231300000000000000e+04 2.160973000000000000e+18
1.383561000000000085e+01 1.407117000000000040e+01 1.910800000000000000e+04 1.670078000000000000e+18
1.407117000000000040e+01 1.430672000000000033e+01 7.474000000000000000e+03 1.117289000000000000e+18
1.430672000000000033e+01 1.454227000000000025e+01 2.506000000000000000e+03 6.369000000000000000e+17
1.454227000000000025e+01 1.477782000000000018e+01 6.370000000000000000e+02 2.775464000000000000e+17
1.477782000000000018e+01 1.501337999999999973e+01 1.270000000000000000e+02 9.164132000000000000e+16
1.501337999999999973e+01 1.524892999999999965e+01 7.000000000000000000e+00 8.891600000000000000e+15
