# M_low [Msun/h] M_high[Msun/h] Number M_total[Msun/h]
1.289339999999999975e+01 1.302049000000000056e+01 1.974700000000000000e+04 1.768338000000000000e+17
1.302049000000000056e+01 1.314758999999999922e+01 1.051500000000000000e+04 1.261585000000000000e+17
1.314758999999999922e+01 1.327468000000000004e+01 5.458000000000000000e+03 8.777250000000000000e+16
1.327468000000000004e+01 1.340177000000000085e+01 2.702000000000000000e+03 5.827357000000000000e+16
1.340177000000000085e+01 1.352885999999999989e+01 1.193000000000000000e+03 3.433763000000000000e+16
1.352885999999999989e+01 1.365595000000000070e+01 4.770000000000000000e+02 1.824543000000000000e+16
1.365595000000000070e+01 1.378304999999999936e+01 1.950000000000000000e+02 1.003368000000000000e+16
1.378304999999999936e+01 1.391014000000000017e+01 6.600000000000000000e+01 4.543696000000000000e+15
1.391014000000000017e+01 1.403722999999999921e+01 1.600000000000000000e+01 1.517885000000000000e+15
1.403722999999999921e+01 1.416432000000000002e+01 7.000000000000000000e+00 8.569900000000000000e+14
