# M_low [Msun/h] M_high[Msun/h] Number M_total[Msun/h]
1.289339999999999975e+01 1.310792000000000002e+01 2.415270000000000000e+05 2.385654000000000000e+18
1.310792000000000002e+01 1.332244000000000028e+01 1.394070000000000000e+05 2.256592000000000000e+18
1.332244000000000028e+01 1.353694999999999915e+01 7.561100000000000000e+04 2.001765000000000000e+18
1.353694999999999915e+01 1.375146999999999942e+01 3.921900000000000000e+04 1.697178000000000000e+18
1.375146999999999942e+01 1.396598999999999968e+01 1.838600000000000000e+04 1.299694000000000000e+18
1.396598999999999968e+01 1.418050999999999995e+01 7.791000000000000000e+03 8.944939000000000000e+17
1.418050999999999995e+01 1.439503000000000021e+01 2.893000000000000000e+03 5.410031000000000000e+17
1.439503000000000021e+01 1.460954000000000086e+01 8.290000000000000000e+02 2.532535000000000000e+17
1.460954000000000086e+01 1.482405999999999935e+01 1.980000000000000000e+02 9.621909000000000000e+16
1.482405999999999935e+01 1.503857999999999961e+01 2.700000000000000000e+01 2.099751000000000000e+16
