# M_low [Msun/h] M_high[Msun/h] Number M_total[Msun/h]
1.289339999999999975e+01 1.307126000000000055e+01 1.219030000000000000e+05 1.155497000000000000e+18
1.307126000000000055e+01 1.324912999999999919e+01 6.790700000000000000e+04 9.694176000000000000e+17
1.324912999999999919e+01 1.342698999999999998e+01 3.648000000000000000e+04 7.826664000000000000e+17
1.342698999999999998e+01 1.360485000000000078e+01 1.828200000000000000e+04 5.887168000000000000e+17
1.360485000000000078e+01 1.378270999999999979e+01 8.170000000000000000e+03 3.953111000000000000e+17
1.378270999999999979e+01 1.396057000000000059e+01 3.348000000000000000e+03 2.428445000000000000e+17
1.396057000000000059e+01 1.413843999999999923e+01 1.226000000000000000e+03 1.330147000000000000e+17
1.413843999999999923e+01 1.431630000000000003e+01 3.530000000000000000e+02 5.771108000000000000e+16
1.431630000000000003e+01 1.449416000000000082e+01 9.000000000000000000e+01 2.178904000000000000e+16
1.449416000000000082e+01 1.467201999999999984e+01 1.400000000000000000e+01 4.725820000000000000e+15
