# M_low [Msun/h] M_high[Msun/h] Number M_total[Msun/h]
1.289339999999999975e+01 1.314533999999999914e+01 3.415920000000000000e+05 3.522346000000000000e+18
1.314533999999999914e+01 1.339728000000000030e+01 1.901720000000000000e+05 3.503071000000000000e+18
1.339728000000000030e+01 1.364921999999999969e+01 1.021930000000000000e+05 3.351236000000000000e+18
1.364921999999999969e+01 1.390116000000000085e+01 5.194200000000000000e+04 3.031436000000000000e+18
1.390116000000000085e+01 1.415310000000000024e+01 2.430800000000000000e+04 2.523874000000000000e+18
1.415310000000000024e+01 1.440503999999999962e+01 9.760000000000000000e+03 1.796399000000000000e+18
1.440503999999999962e+01 1.465698000000000079e+01 3.394000000000000000e+03 1.110461000000000000e+18
1.465698000000000079e+01 1.490892000000000017e+01 9.150000000000000000e+02 5.265470000000000000e+17
1.490892000000000017e+01 1.516085999999999956e+01 1.630000000000000000e+02 1.671197000000000000e+17
1.516085999999999956e+01 1.541280000000000072e+01 1.600000000000000000e+01 2.729070000000000000e+16
