# M_low [Msun/h] M_high[Msun/h] Number M_total[Msun/h]
1.289339999999999975e+01 1.308608000000000082e+01 1.521810000000000000e+05 1.466139000000000000e+18
1.308608000000000082e+01 1.327876999999999974e+01 8.386000000000000000e+04 1.256801000000000000e+18
1.327876999999999974e+01 1.347145000000000081e+01 4.414300000000000000e+04 1.029336000000000000e+18
1.347145000000000081e+01 1.366413000000000011e+01 2.157400000000000000e+04 7.807350000000000000e+17
1.366413000000000011e+01 1.385682000000000080e+01 9.449000000000000000e+03 5.316530000000000000e+17
1.385682000000000080e+01 1.404950000000000010e+01 3.702000000000000000e+03 3.231476000000000000e+17
1.404950000000000010e+01 1.424217999999999940e+01 1.238000000000000000e+03 1.674379000000000000e+17
1.424217999999999940e+01 1.443487000000000009e+01 3.370000000000000000e+02 7.082501000000000000e+16
1.443487000000000009e+01 1.462754999999999939e+01 7.800000000000000000e+01 2.506543000000000000e+16
1.462754999999999939e+01 1.482023000000000046e+01 4.000000000000000000e+00 1.967030000000000000e+15
