# M_low [Msun/h] M_high[Msun/h] Number M_total[Msun/h]
1.289339999999999975e+01 1.309571000000000041e+01 2.074540000000000000e+05 2.021563000000000000e+18
1.309571000000000041e+01 1.329801999999999929e+01 1.195830000000000000e+05 1.855159000000000000e+18
1.329801999999999929e+01 1.350032999999999994e+01 6.526300000000000000e+04 1.611408000000000000e+18
1.350032999999999994e+01 1.370265000000000022e+01 3.398900000000000000e+04 1.333243000000000000e+18
1.370265000000000022e+01 1.390496000000000087e+01 1.580400000000000000e+04 9.859695000000000000e+17
1.390496000000000087e+01 1.410726999999999975e+01 6.884000000000000000e+03 6.787017000000000000e+17
1.410726999999999975e+01 1.430958000000000041e+01 2.547000000000000000e+03 3.988095000000000000e+17
1.430958000000000041e+01 1.451188999999999929e+01 7.680000000000000000e+02 1.898073000000000000e+17
1.451188999999999929e+01 1.471419999999999995e+01 2.000000000000000000e+02 7.756867000000000000e+16
1.471419999999999995e+01 1.491651000000000060e+01 2.900000000000000000e+01 1.747130000000000000e+16
