# M_low [Msun/h] M_high[Msun/h] Number M_total[Msun/h]
1.289339999999999975e+01 1.314059999999999917e+01 3.211180000000000000e+05 3.291594000000000000e+18
1.314059999999999917e+01 1.338779000000000075e+01 1.780170000000000000e+05 3.222687000000000000e+18
1.338779000000000075e+01 1.363499000000000017e+01 9.498700000000000000e+04 3.031318000000000000e+18
1.363499000000000017e+01 1.388217999999999996e+01 4.755700000000000000e+04 2.671958000000000000e+18
1.388217999999999996e+01 1.412937999999999938e+01 2.179000000000000000e+04 2.152132000000000000e+18
1.412937999999999938e+01 1.437656999999999918e+01 8.489000000000000000e+03 1.471290000000000000e+18
1.437656999999999918e+01 1.462377000000000038e+01 2.884000000000000000e+03 8.766249000000000000e+17
1.462377000000000038e+01 1.487096999999999980e+01 7.230000000000000000e+02 3.852953000000000000e+17
1.487096999999999980e+01 1.511815999999999960e+01 1.290000000000000000e+02 1.176578000000000000e+17
1.511815999999999960e+01 1.536536000000000080e+01 1.200000000000000000e+01 1.806970000000000000e+16
