# M_low [Msun/h] M_high[Msun/h] Number M_total[Msun/h]
1.289339999999999975e+01 1.309381999999999913e+01 1.814000000000000000e+05 1.764638000000000000e+18
1.309381999999999913e+01 1.329424999999999990e+01 1.011390000000000000e+05 1.558625000000000000e+18
1.329424999999999990e+01 1.349466999999999928e+01 5.368100000000000000e+04 1.310040000000000000e+18
1.349466999999999928e+01 1.369510000000000005e+01 2.666200000000000000e+04 1.027375000000000000e+18
1.369510000000000005e+01 1.389551999999999943e+01 1.197800000000000000e+04 7.303016000000000000e+17
1.389551999999999943e+01 1.409594000000000058e+01 4.701000000000000000e+03 4.525302000000000000e+17
1.409594000000000058e+01 1.429636999999999958e+01 1.650000000000000000e+03 2.492653000000000000e+17
1.429636999999999958e+01 1.449679000000000073e+01 4.570000000000000000e+02 1.088985000000000000e+17
1.449679000000000073e+01 1.469721000000000011e+01 1.070000000000000000e+02 4.022846000000000000e+16
1.469721000000000011e+01 1.489764000000000088e+01 6.000000000000000000e+00 3.313460000000000000e+15
