# M_low [Msun/h] M_high[Msun/h] Number M_total[Msun/h]
1.289339999999999975e+01 1.297081999999999979e+01 1.177000000000000000e+03 1.000986000000000000e+16
1.297081999999999979e+01 1.304823000000000022e+01 6.960000000000000000e+02 7.066013000000000000e+15
1.304823000000000022e+01 1.312565000000000026e+01 3.840000000000000000e+02 4.659596000000000000e+15
1.312565000000000026e+01 1.320306000000000068e+01 2.260000000000000000e+02 3.258720000000000000e+15
1.320306000000000068e+01 1.328048000000000073e+01 1.170000000000000000e+02 2.030085000000000000e+15
1.328048000000000073e+01 1.335788999999999938e+01 7.200000000000000000e+01 1.491594000000000000e+15
1.335788999999999938e+01 1.343530999999999942e+01 2.400000000000000000e+01 5.943540000000000000e+14
1.343530999999999942e+01 1.351271999999999984e+01 1.900000000000000000e+01 5.539020000000000000e+14
1.351271999999999984e+01 1.359013999999999989e+01 6.000000000000000000e+00 2.045060000000000000e+14
1.359013999999999989e+01 1.366755999999999993e+01 4.000000000000000000e+00 1.738770000000000000e+14
