# d0	d1	e0	e1	f0	f1	g0	g1	
# 
2.144406529913204018e+00 7.692727310418726039e-02 1.109294791589438001e+00 1.505516882430270875e-01 4.130103718768350363e-01 1.349674371733500244e-01 1.249513078476932826e+00 1.084384919577697365e-01
2.180019710788914988e+00 1.848690473382853527e-01 1.142244798290835472e+00 2.578583768660648312e-01 4.066342296998727845e-01 1.309554804439041764e-01 1.280350870160327892e+00 2.060409695746354963e-01
2.182666606122913855e+00 6.650568568788527146e-02 1.075779669403800209e+00 1.115119919344619293e-01 4.142644116590736281e-01 1.468564673760892059e-01 1.239016212313244436e+00 6.709775819517352358e-02
2.394430040190392184e+00 -3.708658332672279401e-02 1.072331205690590705e+00 1.204891689717741271e-01 4.069664382361127264e-01 1.516039200419408151e-01 1.283420346659585043e+00 6.721320380226432356e-02
2.132928192164466719e+00 2.537644409871877560e-01 1.124166173593771356e+00 2.348208963289967754e-01 4.079201808922148786e-01 1.294473533467388193e-01 1.242818975665082926e+00 1.692078160718899493e-01
2.161498782115678807e+00 2.047533088147787950e-01 1.150288106663800880e+00 2.782934508544397945e-01 4.008372952229036779e-01 1.213113695830872613e-01 1.272519976511348405e+00 2.422648162814442785e-01
2.081764300297520798e+00 1.616139330576998046e-01 1.098619056946644967e+00 1.570584872833017398e-01 4.142376254657383350e-01 1.345106214777223030e-01 1.227697727193906907e+00 1.175855913297266520e-01
1.900381211788624736e+00 -2.499168645954443491e-01 1.066754557862325203e+00 4.203761219812774397e-01 4.050289796611821758e-01 5.504906545332086815e-02 1.190344252858536844e+00 2.440569355832345865e-03
2.165732606427034135e+00 1.099605304542258660e-01 1.084891414233396745e+00 1.352542068723773250e-01 4.102025189853193976e-01 1.422130092209804575e-01 1.253450686466915931e+00 1.181843907106709668e-01
2.262033802541810967e+00 2.844241146289360270e-02 1.013492146819917838e+00 7.368600835083203649e-04 4.182121030153323482e-01 1.695727082519172257e-01 1.244587966210469299e+00 1.766888460863485708e-02
1.864277225320423170e+00 -1.718802643894886406e-01 1.204147400535731549e+00 5.081044703296025977e-01 3.672964620964089266e-01 6.051016549395424327e-02 1.204833680963834697e+00 6.387978562885768263e-02
2.127688024224561048e+00 2.126124814160953169e-01 1.123633611863440240e+00 2.218433893928805911e-01 4.092345578662217598e-01 1.418152614632542663e-01 1.245574873618809031e+00 1.618617129296633372e-01
1.981079621007507008e+00 -1.616515182322180444e-01 1.176399004322328690e+00 5.106733808320753631e-01 3.867035732039583729e-01 5.700651477510376708e-02 1.215066054973755305e+00 9.746760513310065432e-02
2.121745405478119295e+00 1.522438031016614124e-01 1.112021488409460135e+00 2.091692078238522323e-01 4.078785295865177685e-01 1.358058922184490203e-01 1.248642415496148184e+00 1.621085783826633764e-01
2.063475741342282177e+00 1.629622530213709897e-01 1.162238943866860774e+00 2.391641854624686758e-01 4.071113193587890255e-01 1.237125312810503641e-01 1.256901106970964355e+00 2.018454620199175154e-01
1.582545160350657953e+00 5.291957863687207081e-02 1.697552857263836756e+00 4.553437102278250215e-02 2.986915112995247035e-01 1.319370211644656510e-01 1.173077898443620981e+00 5.451686603474266424e-02
1.969227937423936758e+00 -5.255398697776605260e-02 1.067976522699809250e+00 3.223916144860571875e-01 4.030867867461969123e-01 8.053038774886633888e-02 1.207069345638687174e+00 6.356839627760543787e-02
2.123943578675741684e+00 -5.233068930082843823e-02 1.126999809237926087e+00 3.873236254742831730e-01 3.991075542108618590e-01 8.484119912364063154e-02 1.254477778039163827e+00 1.492648626209025498e-01
2.070769354222238512e+00 1.475923394654425347e-01 9.766662333573923327e-01 8.735140879661142110e-02 4.157795632639832428e-01 1.430947309102854337e-01 1.204446079526025448e+00 2.252953332676776999e-02
1.974218300174619412e+00 -1.063967541188624993e-01 1.093846896879935304e+00 4.885326007748159172e-01 3.972087253659221662e-01 5.616128212304334621e-02 1.209511631228015638e+00 7.713261082213881958e-02
2.136862684258120204e+00 -1.213877229342155972e-01 1.159498817422269346e+00 3.558595069258789767e-01 3.926356822764474619e-01 9.029686085938785911e-02 1.258989809199857257e+00 1.173059748905060096e-01
2.282734583601201628e+00 -1.078865722546075608e-02 1.074146889965683194e+00 9.344451990022291377e-02 4.095547170278327487e-01 1.630814117390755047e-01 1.271259353113342483e+00 6.314863863953419643e-02
2.341559596293917078e+00 6.414474948151259737e-01 1.102923109907273158e+00 9.118701877749607609e-02 4.256857968719011120e-01 2.081746081384948377e-01 1.301196429065518245e+00 3.185029170681876187e-01
2.177021299489866557e+00 -3.732741621588935854e-01 1.020072921010218181e+00 -1.114969613953299861e-02 4.159965497205904139e-01 1.457810524970313548e-01 1.212921017310036209e+00 -1.002128567541923782e-01
2.238490119612644325e+00 1.512931055625294230e-01 1.039171173886861643e+00 4.773939668999642449e-02 4.113919136237199625e-01 1.636326464469854969e-01 1.249445350520794085e+00 4.781928990213601960e-02
2.164200679383264436e+00 2.778626104264255714e-01 1.056298682083575580e+00 1.853033001316728157e-01 4.167237492430228007e-01 1.407679099767606135e-01 1.240633187464787790e+00 1.613185549391158713e-01
1.653499012450577288e+00 2.403029253563968015e-01 1.652041732985345401e+00 -1.795760520559059881e-01 3.098333639794070282e-01 1.815714659662515940e-01 1.188873103414791466e+00 1.475030871869645321e-01
2.130996534118039243e+00 9.698718572535990068e-02 9.864346456644543792e-01 6.423262041522879995e-02 4.163907627267292577e-01 1.551903295459196308e-01 1.210417201561143852e+00 2.486107642622370495e-02
2.056768818095980667e+00 2.307233516095263115e-01 1.110121151319777955e+00 2.352871686472960411e-01 4.077168883336163563e-01 1.183479549588477703e-01 1.251703065030858930e+00 1.826876435815988631e-01
2.222177989074294313e+00 4.971914288581800179e-01 1.067328459665795259e+00 1.043818396071616444e-01 4.192827878318785562e-01 1.797133076892588610e-01 1.264015542901424372e+00 2.358768938174269081e-01
1.987986298853818390e+00 -1.786929177844819583e-01 1.163569088458718204e+00 4.252801037186751953e-01 3.834419934561657528e-01 6.853400756941362137e-02 1.232777938013641217e+00 7.381194096520908576e-02
1.978963245845448249e+00 7.672957151677628485e-02 1.122320615796937204e+00 3.777780320585754081e-01 4.035456989910521930e-01 7.539813373559207943e-02 1.231127261892188907e+00 1.645885415459857615e-01
2.135178721996690676e+00 1.586212148804596878e-01 1.007570357229623292e+00 7.784384182114331696e-02 4.146042953364177386e-01 1.506758472020068018e-01 1.221436908787217890e+00 3.259196971702755380e-02
2.116863772160712642e+00 1.222910704473809812e-01 1.069812577407816656e+00 1.729907743335666048e-01 4.143110239210385792e-01 1.349708071960624978e-01 1.237625174672514872e+00 9.382015270388613382e-02
2.152589624283750336e+00 2.318232720256721557e-01 1.137926202695490607e+00 2.318142901738259043e-01 4.046083417969652540e-01 1.301271878866888110e-01 1.267548935255269793e+00 2.011042642051069362e-01
2.120878696897947613e+00 1.728139312270973449e-01 1.097574708699522672e+00 1.535590270012530401e-01 4.122830344732399954e-01 1.408258017756299496e-01 1.230685721472238425e+00 1.047058587714402716e-01
2.042995856503555530e+00 1.657209361804523051e-01 1.107628748738647362e+00 2.097313262004794621e-01 4.118910445583480184e-01 1.236141912685016914e-01 1.240015828914714735e+00 1.459346127554981554e-01
2.306716805478160826e+00 8.347767744355818476e-01 1.011392496297569554e+00 -7.315403530324843251e-02 4.279709521990197607e-01 2.592747979569512973e-01 1.254320196165640500e+00 1.806850869340773380e-01
2.121676737306700922e+00 1.301983880946508687e-01 1.014400624794843164e+00 9.398673212236803576e-02 4.137372915275133733e-01 1.524042543141784778e-01 1.222967221115061065e+00 4.778687042208646513e-02
