# M_low [Msun/h] M_high[Msun/h] Number M_total[Msun/h]
1.285229999999999961e+01 1.307038999999999973e+01 2.131950000000000000e+05 1.921130000000000000e+18
1.307038999999999973e+01 1.328847000000000023e+01 1.164890000000000000e+05 1.733773000000000000e+18
1.328847000000000023e+01 1.350656000000000034e+01 5.995200000000000000e+04 1.471349000000000000e+18
1.350656000000000034e+01 1.372465000000000046e+01 2.894400000000000000e+04 1.167792000000000000e+18
1.372465000000000046e+01 1.394274000000000058e+01 1.257600000000000000e+04 8.356253000000000000e+17
1.394274000000000058e+01 1.416083000000000069e+01 4.589000000000000000e+03 5.002882000000000000e+17
1.416083000000000069e+01 1.437892000000000081e+01 1.375000000000000000e+03 2.451486000000000000e+17
1.437892000000000081e+01 1.459700999999999915e+01 3.520000000000000000e+02 1.028163000000000000e+17
1.459700999999999915e+01 1.481508999999999965e+01 6.100000000000000000e+01 2.880710000000000000e+16
1.481508999999999965e+01 1.503317999999999977e+01 6.000000000000000000e+00 4.500410000000000000e+15
