# M_low [Msun/h] M_high[Msun/h] Number M_total[Msun/h]
1.285229999999999961e+01 1.301030000000000086e+01 6.066300000000000000e+04 5.107142000000000000e+17
1.301030000000000086e+01 1.316830999999999996e+01 3.253200000000000000e+04 3.941223000000000000e+17
1.316830999999999996e+01 1.332632000000000083e+01 1.662600000000000000e+04 2.894354000000000000e+17
1.332632000000000083e+01 1.348432000000000031e+01 7.910000000000000000e+03 1.976751000000000000e+17
1.348432000000000031e+01 1.364232999999999940e+01 3.415000000000000000e+03 1.223880000000000000e+17
1.364232999999999940e+01 1.380033000000000065e+01 1.289000000000000000e+03 6.624891000000000000e+16
1.380033000000000065e+01 1.395833999999999975e+01 4.070000000000000000e+02 2.987639000000000000e+16
1.395833999999999975e+01 1.411635000000000062e+01 1.240000000000000000e+02 1.300313000000000000e+16
1.411635000000000062e+01 1.427435000000000009e+01 4.100000000000000000e+01 6.246520000000000000e+15
1.427435000000000009e+01 1.443235999999999919e+01 3.000000000000000000e+00 6.003900000000000000e+14
