# M_low [Msun/h] M_high[Msun/h] Number M_total[Msun/h]
1.285229999999999961e+01 1.307620000000000005e+01 2.399540000000000000e+05 2.177233000000000000e+18
1.307620000000000005e+01 1.330010000000000048e+01 1.325630000000000000e+05 2.012515000000000000e+18
1.330010000000000048e+01 1.352399999999999913e+01 7.007800000000000000e+04 1.776747000000000000e+18
1.352399999999999913e+01 1.374789999999999957e+01 3.445900000000000000e+04 1.459477000000000000e+18
1.374789999999999957e+01 1.397180999999999962e+01 1.538000000000000000e+04 1.086201000000000000e+18
1.397180999999999962e+01 1.419571000000000005e+01 5.894000000000000000e+03 6.895791000000000000e+17
1.419571000000000005e+01 1.441961000000000048e+01 1.835000000000000000e+03 3.557249000000000000e+17
1.441961000000000048e+01 1.464350999999999914e+01 5.030000000000000000e+02 1.625383000000000000e+17
1.464350999999999914e+01 1.486740999999999957e+01 8.400000000000000000e+01 4.472117000000000000e+16
1.486740999999999957e+01 1.509131999999999962e+01 9.000000000000000000e+00 8.317710000000000000e+15
