# M_low [Msun/h] M_high[Msun/h] Number M_total[Msun/h]
1.285229999999999961e+01 1.312625000000000064e+01 3.748030000000000000e+05 3.602059000000000000e+18
1.312625000000000064e+01 1.340020999999999951e+01 2.086230000000000000e+05 3.764623000000000000e+18
1.340020999999999951e+01 1.367417000000000016e+01 1.118320000000000000e+05 3.786653000000000000e+18
1.367417000000000016e+01 1.394811999999999941e+01 5.709100000000000000e+04 3.616515000000000000e+18
1.394811999999999941e+01 1.422208000000000006e+01 2.673400000000000000e+04 3.173089000000000000e+18
1.422208000000000006e+01 1.449604000000000070e+01 1.104000000000000000e+04 2.433349000000000000e+18
1.449604000000000070e+01 1.476999999999999957e+01 3.756000000000000000e+03 1.542711000000000000e+18
1.476999999999999957e+01 1.504395000000000060e+01 9.590000000000000000e+02 7.309517000000000000e+17
1.504395000000000060e+01 1.531790999999999947e+01 1.640000000000000000e+02 2.295109000000000000e+17
1.531790999999999947e+01 1.559187000000000012e+01 1.200000000000000000e+01 3.153970000000000000e+16
