# M_low [Msun/h] M_high[Msun/h] Number M_total[Msun/h]
1.285229999999999961e+01 1.313016999999999967e+01 3.879670000000000000e+05 3.748132000000000000e+18
1.313016999999999967e+01 1.340804999999999936e+01 2.151110000000000000e+05 3.941615000000000000e+18
1.340804999999999936e+01 1.368591999999999942e+01 1.163340000000000000e+05 4.031556000000000000e+18
1.368591999999999942e+01 1.396378999999999948e+01 6.022400000000000000e+04 3.940448000000000000e+18
1.396378999999999948e+01 1.424166999999999916e+01 2.861800000000000000e+04 3.536607000000000000e+18
1.424166999999999916e+01 1.451953999999999922e+01 1.232700000000000000e+04 2.866488000000000000e+18
1.451953999999999922e+01 1.479742000000000068e+01 4.262000000000000000e+03 1.862052000000000000e+18
1.479742000000000068e+01 1.507529000000000075e+01 1.117000000000000000e+03 9.110722000000000000e+17
1.507529000000000075e+01 1.535316000000000081e+01 2.240000000000000000e+02 3.375157000000000000e+17
1.535316000000000081e+01 1.563104000000000049e+01 1.500000000000000000e+01 4.462040000000000000e+16
