# M_low [Msun/h] M_high[Msun/h] Number M_total[Msun/h]
1.285229999999999961e+01 1.308751999999999960e+01 2.712800000000000000e+05 2.493142000000000000e+18
1.308751999999999960e+01 1.332274999999999920e+01 1.492630000000000000e+05 2.355387000000000000e+18
1.332274999999999920e+01 1.355796999999999919e+01 7.898900000000000000e+04 2.137164000000000000e+18
1.355796999999999919e+01 1.379320000000000057e+01 3.881600000000000000e+04 1.797364000000000000e+18
1.379320000000000057e+01 1.402843000000000018e+01 1.746400000000000000e+04 1.386615000000000000e+18
1.402843000000000018e+01 1.426365000000000016e+01 6.683000000000000000e+03 9.033340000000000000e+17
1.426365000000000016e+01 1.449887999999999977e+01 2.019000000000000000e+03 4.659865000000000000e+17
1.449887999999999977e+01 1.473409999999999975e+01 5.310000000000000000e+02 2.096810000000000000e+17
1.473409999999999975e+01 1.496932999999999936e+01 8.700000000000000000e+01 5.648158000000000000e+16
1.496932999999999936e+01 1.520454999999999934e+01 8.000000000000000000e+00 9.571500000000000000e+15
