# M_low [Msun/h] M_high[Msun/h] Number M_total[Msun/h]
1.285229999999999961e+01 1.311059000000000019e+01 3.305220000000000000e+05 3.121000000000000000e+18
1.311059000000000019e+01 1.336888000000000076e+01 1.814100000000000000e+05 3.100398000000000000e+18
1.336888000000000076e+01 1.362716999999999956e+01 9.567000000000000000e+04 2.958572000000000000e+18
1.362716999999999956e+01 1.388545000000000051e+01 4.729300000000000000e+04 2.637255000000000000e+18
1.388545000000000051e+01 1.414373999999999931e+01 2.143600000000000000e+04 2.159004000000000000e+18
1.414373999999999931e+01 1.440202999999999989e+01 8.240000000000000000e+03 1.488641000000000000e+18
1.440202999999999989e+01 1.466032000000000046e+01 2.564000000000000000e+03 8.290966000000000000e+17
1.466032000000000046e+01 1.491860999999999926e+01 6.320000000000000000e+02 3.640601000000000000e+17
1.491860999999999926e+01 1.517689999999999984e+01 9.400000000000000000e+01 9.623325000000000000e+16
1.517689999999999984e+01 1.543519000000000041e+01 5.000000000000000000e+00 8.733800000000000000e+15
