# M_low [Msun/h] M_high[Msun/h] Number M_total[Msun/h]
1.285229999999999961e+01 1.311964000000000041e+01 3.556680000000000000e+05 3.394362000000000000e+18
1.311964000000000041e+01 1.338699000000000083e+01 1.955220000000000000e+05 3.451694000000000000e+18
1.338699000000000083e+01 1.365433999999999948e+01 1.036630000000000000e+05 3.378414000000000000e+18
1.365433999999999948e+01 1.392168000000000028e+01 5.208900000000000000e+04 3.122877000000000000e+18
1.392168000000000028e+01 1.418903000000000070e+01 2.376200000000000000e+04 2.630076000000000000e+18
1.418903000000000070e+01 1.445636999999999972e+01 9.448000000000000000e+03 1.914633000000000000e+18
1.445636999999999972e+01 1.472372000000000014e+01 3.077000000000000000e+03 1.142247000000000000e+18
1.472372000000000014e+01 1.499107000000000056e+01 7.370000000000000000e+02 4.968616000000000000e+17
1.499107000000000056e+01 1.525840999999999958e+01 1.170000000000000000e+02 1.429266000000000000e+17
1.525840999999999958e+01 1.552576000000000001e+01 7.000000000000000000e+00 1.641290000000000000e+16
