# M_low [Msun/h] M_high[Msun/h] Number M_total[Msun/h]
1.285229999999999961e+01 1.296294999999999931e+01 8.965000000000000000e+03 7.176589000000000000e+16
1.296294999999999931e+01 1.307360000000000078e+01 4.662000000000000000e+03 4.802485000000000000e+16
1.307360000000000078e+01 1.318426000000000009e+01 2.533000000000000000e+03 3.365802000000000000e+16
1.318426000000000009e+01 1.329490999999999978e+01 1.340000000000000000e+03 2.298471000000000000e+16
1.329490999999999978e+01 1.340555999999999948e+01 5.770000000000000000e+02 1.275486000000000000e+16
1.340555999999999948e+01 1.351620999999999917e+01 2.370000000000000000e+02 6.703964000000000000e+15
1.351620999999999917e+01 1.362687000000000026e+01 9.700000000000000000e+01 3.547018000000000000e+15
1.362687000000000026e+01 1.373751999999999995e+01 2.800000000000000000e+01 1.303969000000000000e+15
1.373751999999999995e+01 1.384816999999999965e+01 9.000000000000000000e+00 5.314240000000000000e+14
1.384816999999999965e+01 1.395883000000000074e+01 2.000000000000000000e+00 1.520890000000000000e+14
