# M_low [Msun/h] M_high[Msun/h] Number M_total[Msun/h]
1.285229999999999961e+01 1.309716000000000058e+01 3.001830000000000000e+05 2.791155000000000000e+18
1.309716000000000058e+01 1.334201999999999977e+01 1.654000000000000000e+05 2.699427000000000000e+18
1.334201999999999977e+01 1.358688000000000073e+01 8.798700000000000000e+04 2.516707000000000000e+18
1.358688000000000073e+01 1.383173999999999992e+01 4.372800000000000000e+04 2.187812000000000000e+18
1.383173999999999992e+01 1.407659999999999911e+01 1.993800000000000000e+04 1.748462000000000000e+18
1.407659999999999911e+01 1.432146000000000008e+01 7.763000000000000000e+03 1.185599000000000000e+18
1.432146000000000008e+01 1.456631999999999927e+01 2.365000000000000000e+03 6.298833000000000000e+17
1.456631999999999927e+01 1.481118000000000023e+01 6.480000000000000000e+02 3.003316000000000000e+17
1.481118000000000023e+01 1.505603999999999942e+01 9.100000000000000000e+01 7.263931000000000000e+16
1.505603999999999942e+01 1.530090000000000039e+01 9.000000000000000000e+00 1.248520000000000000e+16
