# M_low [Msun/h] M_high[Msun/h] Number M_total[Msun/h]
1.290357999999999983e+01 1.308984000000000059e+01 1.692860000000000000e+05 1.659898000000000000e+18
1.308984000000000059e+01 1.327609999999999957e+01 9.646100000000000000e+04 1.451946000000000000e+18
1.327609999999999957e+01 1.346236999999999995e+01 5.354000000000000000e+04 1.235931000000000000e+18
1.346236999999999995e+01 1.364863000000000071e+01 2.739600000000000000e+04 9.673314000000000000e+17
1.364863000000000071e+01 1.383488999999999969e+01 1.264400000000000000e+04 6.831121000000000000e+17
1.383488999999999969e+01 1.402115000000000045e+01 5.479000000000000000e+03 4.510182000000000000e+17
1.402115000000000045e+01 1.420740999999999943e+01 2.065000000000000000e+03 2.606854000000000000e+17
1.420740999999999943e+01 1.439367000000000019e+01 6.360000000000000000e+02 1.220158000000000000e+17
1.439367000000000019e+01 1.457992999999999917e+01 1.710000000000000000e+02 4.929544000000000000e+16
1.457992999999999917e+01 1.476618999999999993e+01 2.800000000000000000e+01 1.272340000000000000e+16
