# M_low [Msun/h] M_high[Msun/h] Number M_total[Msun/h]
1.290357999999999983e+01 1.314183000000000057e+01 3.121140000000000000e+05 3.243281000000000000e+18
1.314183000000000057e+01 1.338006999999999991e+01 1.737800000000000000e+05 3.124545000000000000e+18
1.338006999999999991e+01 1.361830999999999925e+01 9.220000000000000000e+04 2.862599000000000000e+18
1.361830999999999925e+01 1.385655000000000037e+01 4.655000000000000000e+04 2.488044000000000000e+18
1.385655000000000037e+01 1.409479999999999933e+01 2.098400000000000000e+04 1.935223000000000000e+18
1.409479999999999933e+01 1.433304000000000045e+01 8.214000000000000000e+03 1.302052000000000000e+18
1.433304000000000045e+01 1.457127999999999979e+01 2.708000000000000000e+03 7.350486000000000000e+17
1.457127999999999979e+01 1.480951999999999913e+01 7.300000000000000000e+02 3.346632000000000000e+17
1.480951999999999913e+01 1.504776000000000025e+01 1.180000000000000000e+02 9.432763000000000000e+16
1.504776000000000025e+01 1.528600999999999921e+01 1.100000000000000000e+01 1.409600000000000000e+16
