# M_low [Msun/h] M_high[Msun/h] Number M_total[Msun/h]
1.290357999999999983e+01 1.300896999999999970e+01 2.893000000000000000e+03 2.572490000000000000e+16
1.300896999999999970e+01 1.311434999999999995e+01 1.415000000000000000e+03 1.611621000000000000e+16
1.311434999999999995e+01 1.321973999999999982e+01 6.500000000000000000e+02 9.442409000000000000e+15
1.321973999999999982e+01 1.332512000000000008e+01 2.880000000000000000e+02 5.285063000000000000e+15
1.332512000000000008e+01 1.343050999999999995e+01 1.280000000000000000e+02 3.021055000000000000e+15
1.343050999999999995e+01 1.353589000000000020e+01 5.000000000000000000e+01 1.505944000000000000e+15
1.353589000000000020e+01 1.364128000000000007e+01 1.200000000000000000e+01 4.524290000000000000e+14
1.364128000000000007e+01 1.374666000000000032e+01 3.000000000000000000e+00 1.417200000000000000e+14
1.374666000000000032e+01 1.385205000000000020e+01 2.000000000000000000e+00 1.263030000000000000e+14
