# M_low [Msun/h] M_high[Msun/h] Number M_total[Msun/h]
1.290357999999999983e+01 1.314687999999999946e+01 3.388270000000000000e+05 3.543406000000000000e+18
1.314687999999999946e+01 1.339016999999999946e+01 1.924240000000000000e+05 3.523904000000000000e+18
1.339016999999999946e+01 1.363345999999999947e+01 1.040910000000000000e+05 3.328267000000000000e+18
1.363345999999999947e+01 1.387676000000000087e+01 5.417100000000000000e+04 3.020956000000000000e+18
1.387676000000000087e+01 1.412005000000000088e+01 2.512300000000000000e+04 2.445231000000000000e+18
1.412005000000000088e+01 1.436335000000000051e+01 1.049200000000000000e+04 1.771405000000000000e+18
1.436335000000000051e+01 1.460664000000000051e+01 3.648000000000000000e+03 1.074927000000000000e+18
1.460664000000000051e+01 1.484993000000000052e+01 1.060000000000000000e+03 5.377946000000000000e+17
1.484993000000000052e+01 1.509323000000000015e+01 1.930000000000000000e+02 1.696171000000000000e+17
1.509323000000000015e+01 1.533652000000000015e+01 2.000000000000000000e+01 2.984570000000000000e+16
