# M_low [Msun/h] M_high[Msun/h] Number M_total[Msun/h]
1.290357999999999983e+01 1.303247000000000000e+01 2.815400000000000000e+04 2.586380000000000000e+17
1.303247000000000000e+01 1.316135000000000055e+01 1.568200000000000000e+04 1.941103000000000000e+17
1.316135000000000055e+01 1.329022999999999932e+01 8.005000000000000000e+03 1.331576000000000000e+17
1.329022999999999932e+01 1.341910999999999987e+01 4.025000000000000000e+03 8.978709000000000000e+16
1.341910999999999987e+01 1.354799000000000042e+01 1.862000000000000000e+03 5.570381000000000000e+16
1.354799000000000042e+01 1.367686999999999919e+01 8.140000000000000000e+02 3.270073000000000000e+16
1.367686999999999919e+01 1.380575999999999937e+01 3.090000000000000000e+02 1.668983000000000000e+16
1.380575999999999937e+01 1.393463999999999992e+01 1.150000000000000000e+02 8.440264000000000000e+15
1.393463999999999992e+01 1.406352000000000046e+01 2.700000000000000000e+01 2.578153000000000000e+15
1.406352000000000046e+01 1.419239999999999924e+01 1.300000000000000000e+01 1.726490000000000000e+15
