# M_low [Msun/h] M_high[Msun/h] Number M_total[Msun/h]
1.290357999999999983e+01 1.311669000000000018e+01 2.389940000000000000e+05 2.412121000000000000e+18
1.311669000000000018e+01 1.332978999999999914e+01 1.337100000000000000e+05 2.200045000000000000e+18
1.332978999999999914e+01 1.354289999999999949e+01 7.218300000000000000e+04 1.939635000000000000e+18
1.354289999999999949e+01 1.375600000000000023e+01 3.654400000000000000e+04 1.596781000000000000e+18
1.375600000000000023e+01 1.396911000000000058e+01 1.652900000000000000e+04 1.177358000000000000e+18
1.396911000000000058e+01 1.418220999999999954e+01 6.609000000000000000e+03 7.633678000000000000e+17
1.418220999999999954e+01 1.439531999999999989e+01 2.238000000000000000e+03 4.182585000000000000e+17
1.439531999999999989e+01 1.460842000000000063e+01 6.400000000000000000e+02 1.933217000000000000e+17
1.460842000000000063e+01 1.482151999999999958e+01 1.230000000000000000e+02 6.134255000000000000e+16
1.482151999999999958e+01 1.503462999999999994e+01 1.900000000000000000e+01 1.422913000000000000e+16
