# M_low [Msun/h] M_high[Msun/h] Number M_total[Msun/h]
1.290357999999999983e+01 1.309734000000000087e+01 1.985250000000000000e+05 1.962086000000000000e+18
1.309734000000000087e+01 1.329109000000000052e+01 1.141380000000000000e+05 1.762561000000000000e+18
1.329109000000000052e+01 1.348484000000000016e+01 6.338200000000000000e+04 1.527429000000000000e+18
1.348484000000000016e+01 1.367858999999999980e+01 3.334900000000000000e+04 1.249707000000000000e+18
1.367858999999999980e+01 1.387233999999999945e+01 1.561900000000000000e+04 9.114757000000000000e+17
1.387233999999999945e+01 1.406609000000000087e+01 6.843000000000000000e+03 6.207791000000000000e+17
1.406609000000000087e+01 1.425984000000000052e+01 2.546000000000000000e+03 3.597826000000000000e+17
1.425984000000000052e+01 1.445359000000000016e+01 8.280000000000000000e+02 1.817704000000000000e+17
1.445359000000000016e+01 1.464734999999999943e+01 1.940000000000000000e+02 6.633807000000000000e+16
1.464734999999999943e+01 1.484110000000000085e+01 4.600000000000000000e+01 2.412596000000000000e+16
