# M_low [Msun/h] M_high[Msun/h] Number M_total[Msun/h]
1.290357999999999983e+01 1.312520999999999916e+01 2.720100000000000000e+05 2.773451000000000000e+18
1.312520999999999916e+01 1.334683000000000064e+01 1.533390000000000000e+05 2.600774000000000000e+18
1.334683000000000064e+01 1.356845000000000034e+01 8.294900000000000000e+04 2.343758000000000000e+18
1.356845000000000034e+01 1.379007999999999967e+01 4.253700000000000000e+04 1.992096000000000000e+18
1.379007999999999967e+01 1.401169999999999938e+01 1.954800000000000000e+04 1.521261000000000000e+18
1.401169999999999938e+01 1.423332000000000086e+01 8.006000000000000000e+03 1.031377000000000000e+18
1.423332000000000086e+01 1.445495000000000019e+01 2.775000000000000000e+03 5.874992000000000000e+17
1.445495000000000019e+01 1.467656999999999989e+01 7.940000000000000000e+02 2.760308000000000000e+17
1.467656999999999989e+01 1.489818999999999960e+01 1.650000000000000000e+02 9.623682000000000000e+16
1.489818999999999960e+01 1.511982000000000070e+01 2.500000000000000000e+01 2.244969000000000000e+16
