# M_low [Msun/h] M_high[Msun/h] Number M_total[Msun/h]
1.290357999999999983e+01 1.314788000000000068e+01 3.538620000000000000e+05 3.709799000000000000e+18
1.314788000000000068e+01 1.339217000000000013e+01 2.028090000000000000e+05 3.734126000000000000e+18
1.339217000000000013e+01 1.363645999999999958e+01 1.126600000000000000e+05 3.629396000000000000e+18
1.363645999999999958e+01 1.388075000000000081e+01 5.952900000000000000e+04 3.351085000000000000e+18
1.388075000000000081e+01 1.412504999999999988e+01 2.886200000000000000e+04 2.841431000000000000e+18
1.412504999999999988e+01 1.436933999999999934e+01 1.263500000000000000e+04 2.169816000000000000e+18
1.436933999999999934e+01 1.461363000000000056e+01 4.601000000000000000e+03 1.375968000000000000e+18
1.461363000000000056e+01 1.485792000000000002e+01 1.476000000000000000e+03 7.669278000000000000e+17
1.485792000000000002e+01 1.510222000000000087e+01 2.950000000000000000e+02 2.645980000000000000e+17
1.510222000000000087e+01 1.534651000000000032e+01 4.300000000000000000e+01 6.424100000000000000e+16
