# M_low [Msun/h] M_high[Msun/h] Number M_total[Msun/h]
1.290357999999999983e+01 1.308196000000000048e+01 1.419800000000000000e+05 1.379257000000000000e+18
1.308196000000000048e+01 1.326032999999999973e+01 8.040200000000000000e+04 1.176852000000000000e+18
1.326032999999999973e+01 1.343870000000000076e+01 4.428100000000000000e+04 9.750891000000000000e+17
1.343870000000000076e+01 1.361707000000000001e+01 2.253000000000000000e+04 7.448311000000000000e+17
1.361707000000000001e+01 1.379543999999999926e+01 1.023600000000000000e+04 5.107573000000000000e+17
1.379543999999999926e+01 1.397381999999999991e+01 4.390000000000000000e+03 3.282006000000000000e+17
1.397381999999999991e+01 1.415218999999999916e+01 1.623000000000000000e+03 1.828088000000000000e+17
1.415218999999999916e+01 1.433056000000000019e+01 5.300000000000000000e+02 8.841744000000000000e+16
1.433056000000000019e+01 1.450892999999999944e+01 1.220000000000000000e+02 3.033906000000000000e+16
1.450892999999999944e+01 1.468731000000000009e+01 2.700000000000000000e+01 1.015610000000000000e+16
