# d0	d1	e0\e1	f0	f1	g0	g1
2.153496365109265120e+00 7.243665592728279479e-02 1.535459225148164686e-01 4.161218396880704828e-01 1.335825247113178460e-01 1.249826941698116256e+00 1.069073103650482054e-01
2.239780664040305957e+00 -1.342852213053207511e-01 4.705969039776436436e-01 4.202439061256624253e-01 6.457295167180808482e-02 1.283425683019401076e+00 1.800292540628681270e-01
2.167624528512294813e+00 7.397413880174396050e-01 -1.616071920873096979e-01 4.057028602616480906e-01 2.616706831204205774e-01 1.238026526264544680e+00 1.683855550294420800e-01
2.355657288888647116e+00 1.862886779782305657e-01 1.081739002999762035e-02 3.968559183097767895e-01 1.957701145398090814e-01 1.280711931502248824e+00 9.499973031933935108e-02
2.130246542161821299e+00 -1.667693032730533653e-01 6.719419169178398876e-01 4.143955032742530631e-01 1.109431248083715162e-02 1.234691161704948970e+00 1.489995898888291925e-01
2.244822793666654270e+00 -1.760652612127962258e-02 4.221487128199070682e-01 4.169393652088695945e-01 7.643828873223323939e-02 1.280347747350201404e+00 2.279989486916002839e-01
2.077743288662180277e+00 1.501542992732231852e-01 1.653924334810479291e-01 4.140345170741977499e-01 1.319865412417564332e-01 1.227106749561629462e+00 1.164447557097948033e-01
1.861766336766846441e+00 -2.379335622827985219e-01 4.377552379587179576e-01 3.968983570999406463e-01 5.596635635273904119e-02 1.187174736912737005e+00 1.930301373515538096e-03
2.150223147005951851e+00 2.038354996640012740e-01 8.014683819867654546e-02 4.060399952342834129e-01 1.602495277210220781e-01 1.253190340273342196e+00 1.294572507881685541e-01
2.105636057541527162e+00 2.754749840597653932e-01 -1.592705365822605634e-01 3.890517263420920080e-01 2.201298047918220646e-01 1.228267302987673615e+00 4.354085612016057871e-02
1.995177552391869114e+00 3.395851692648243492e-01 8.089411674701103838e-02 3.929306312596732575e-01 1.571714329524541709e-01 1.221415048597171538e+00 1.284466125087413979e-01
2.169857539315290573e+00 1.327590116282764410e-01 2.755803781588728185e-01 4.169433071493529597e-01 1.257774379544688292e-01 1.250415164706551119e+00 1.571412146462199400e-01
2.088600516350956671e+00 1.501340149746590302e-01 1.925005238611608716e-01 4.081886255827981147e-01 1.307898149536518562e-01 1.228909320050545873e+00 1.287242112918637049e-01
2.143701841440657230e+00 1.377086633956817741e-01 2.213072140368838314e-01 4.118904482356047780e-01 1.326081327056673476e-01 1.251294456561696800e+00 1.629451528610470767e-01
2.173609020270115710e+00 6.465699896473167674e-02 3.190765758930769747e-01 4.262844674357597063e-01 1.011342017776813151e-01 1.270653198089667146e+00 2.056453190409581744e-01
1.980795873493891301e+00 -1.361857779353401188e-01 4.322571987588723075e-01 3.978803451896341659e-01 5.982866442478716740e-02 1.211675090995679049e+00 8.511605145664831451e-02
1.924154051708200752e+00 -5.329948277723470934e-02 3.303706090755714753e-01 3.948474393473698774e-01 8.082358559012749188e-02 1.202662869535651380e+00 5.947766903494512702e-02
2.174221480078649904e+00 -6.333025922094925875e-02 3.858403866563387408e-01 4.077766551611798351e-01 8.334923082339577849e-02 1.260615720540692486e+00 1.536072830906138609e-01
1.888672643735918255e+00 2.651114980622212292e-01 -5.783321422456916966e-02 3.808032658534371562e-01 1.766935434202454303e-01 1.188339053408868251e+00 2.523015037407405278e-02
1.966952596947822096e+00 -1.176615349683961531e-01 5.043324031701472698e-01 3.957868970311272938e-01 5.353477436107671739e-02 1.208747879488162758e+00 7.632694872369531758e-02
2.210398721031405778e+00 -1.216461024027815779e-01 3.851589803667488376e-01 4.106340127016918640e-01 7.891996926436760373e-02 1.264591925461479027e+00 1.324911038643682704e-01
2.242450689205261583e+00 1.006369626933950046e-01 2.664356910179969951e-02 4.010681987570973162e-01 1.860923387332979184e-01 1.267841623830178621e+00 7.432022742864784204e-02
2.347705626276635371e+00 6.385243548815187076e-01 9.498373422934311416e-02 4.270056148856040124e-01 2.074973526361275633e-01 1.302014494525028931e+00 3.186959179871288739e-01
2.092028808442448540e+00 -9.097933140628668147e-02 -2.264271583496807183e-01 3.899240330648714448e-01 2.180330703976893492e-01 1.208062528603418340e+00 -7.599712662735019775e-02
2.148355813390301794e+00 3.195049146778730087e-01 -7.769841470733869493e-02 3.911825482243468932e-01 2.043975065966043003e-01 1.241186732979886909e+00 6.355553483539830295e-02
2.104387365246454422e+00 4.224032815344381242e-01 8.262143985596075157e-02 4.033412398133418009e-01 1.728769741566933971e-01 1.235850575811120899e+00 1.747031766261229746e-01
2.045491502889423607e+00 7.478062748345355726e-02 3.292975215642695019e-01 4.106438779019027097e-01 1.044535578228284328e-01 1.227677933077572447e+00 1.677630049529952871e-01
1.946696009289077711e+00 3.017342272981048401e-01 -1.116270764028160778e-01 3.823278618523620609e-01 2.013676623267753873e-01 1.192530937448589068e+00 3.988672291348492605e-02
2.072558665845812609e+00 2.347862676109890023e-01 2.405614630439464052e-01 4.108651647374703675e-01 1.176708572662949481e-01 1.253428405199455975e+00 1.858437916311571070e-01
2.129196791332284455e+00 3.853622362447027827e-01 1.004011939493180960e-01 4.076682726716499561e-01 1.700597436576651855e-01 1.249360734592540156e+00 2.035342566497751193e-01
2.076009496303883761e+00 -1.644014087620609688e-01 3.882398423402466658e-01 4.008036275276018467e-01 7.083409104421481417e-02 1.242180779622446218e+00 8.355401428839547007e-02
2.031477134744304802e+00 3.539032829363915056e-01 2.079966467321353596e-01 4.103537432199823587e-01 1.242512781272932382e-01 1.240253993281089651e+00 2.062078611676189666e-01
1.996365607297760469e+00 4.000142989936866234e-01 -9.861638061272404165e-02 3.865079587294228958e-01 2.020823237769930891e-01 1.208501514649229058e+00 5.638309279185296091e-02
2.079104543688571560e+00 2.260326389849365014e-01 9.229384254026086476e-02 4.055812617942607945e-01 1.591385768060054884e-01 1.234980747453562122e+00 1.019466403130392385e-01
2.212909564337151025e+00 1.653351184931300955e-01 2.894888230050806643e-01 4.166909945881733801e-01 1.135699685009733395e-01 1.273734238301315269e+00 2.011459121380730075e-01
2.117455995145011372e+00 1.912201921668504889e-01 1.394475105692692396e-01 4.117695260832838766e-01 1.453666831522126279e-01 1.230380847353468088e+00 1.061914608754527950e-01
2.051761378016765391e+00 1.858205566345502435e-01 2.005807125044049843e-01 4.142690604808604293e-01 1.265424994261989677e-01 1.240573561401855596e+00 1.483360007375532086e-01
2.165294082482113858e+00 5.683483872780186186e-01 -1.489372388244208090e-01 3.974566930317192659e-01 2.528999607478763512e-01 1.241787245148680219e+00 1.283552098128487584e-01
1.982425039955505230e+00 3.123596007620011439e-01 -4.729159303751902937e-02 3.881636436401143531e-01 1.907756792624000497e-01 1.209011222024120924e+00 6.201020493988741028e-02
