# M_low [Msun/h] M_high[Msun/h] Number M_total[Msun/h]
1.282709999999999972e+01 1.309567000000000014e+01 3.783960000000000000e+05 3.412434000000000000e+18
1.309567000000000014e+01 1.336422999999999917e+01 2.084550000000000000e+05 3.484498000000000000e+18
1.336422999999999917e+01 1.363278999999999996e+01 1.115030000000000000e+05 3.452742000000000000e+18
1.363278999999999996e+01 1.390136000000000038e+01 5.604800000000000000e+04 3.207213000000000000e+18
1.390136000000000038e+01 1.416991999999999940e+01 2.587800000000000000e+04 2.734763000000000000e+18
1.416991999999999940e+01 1.443848000000000020e+01 1.059800000000000000e+04 2.054400000000000000e+18
1.443848000000000020e+01 1.470705000000000062e+01 3.478000000000000000e+03 1.243729000000000000e+18
1.470705000000000062e+01 1.497560999999999964e+01 8.910000000000000000e+02 5.765136000000000000e+17
1.497560999999999964e+01 1.524417000000000044e+01 1.260000000000000000e+02 1.503234000000000000e+17
1.524417000000000044e+01 1.551274000000000086e+01 9.000000000000000000e+00 1.953670000000000000e+16
