# M_low [Msun/h] M_high[Msun/h] Number M_total[Msun/h]
1.282709999999999972e+01 1.309891000000000005e+01 3.905880000000000000e+05 3.532150000000000000e+18
1.309891000000000005e+01 1.337071000000000076e+01 2.179200000000000000e+05 3.683914000000000000e+18
1.337071000000000076e+01 1.364250999999999969e+01 1.166740000000000000e+05 3.683155000000000000e+18
1.364250999999999969e+01 1.391432000000000002e+01 5.982800000000000000e+04 3.518356000000000000e+18
1.391432000000000002e+01 1.418612000000000073e+01 2.806700000000000000e+04 3.071670000000000000e+18
1.418612000000000073e+01 1.445791999999999966e+01 1.200600000000000000e+04 2.431547000000000000e+18
1.445791999999999966e+01 1.472972000000000037e+01 4.007000000000000000e+03 1.507462000000000000e+18
1.472972000000000037e+01 1.500153000000000070e+01 1.102000000000000000e+03 7.564369000000000000e+17
1.500153000000000070e+01 1.527332999999999963e+01 1.570000000000000000e+02 1.965434000000000000e+17
1.527332999999999963e+01 1.554513000000000034e+01 1.900000000000000000e+01 4.192630000000000000e+16
