# M_low [Msun/h] M_high[Msun/h] Number M_total[Msun/h]
1.282709999999999972e+01 1.298592999999999975e+01 5.954900000000000000e+04 4.737663000000000000e+17
1.298592999999999975e+01 1.314475999999999978e+01 3.146200000000000000e+04 3.605252000000000000e+17
1.314475999999999978e+01 1.330358999999999980e+01 1.615800000000000000e+04 2.663003000000000000e+17
1.330358999999999980e+01 1.346241000000000021e+01 7.514000000000000000e+03 1.782233000000000000e+17
1.346241000000000021e+01 1.362124000000000024e+01 2.962000000000000000e+03 1.006422000000000000e+17
1.362124000000000024e+01 1.378007000000000026e+01 1.245000000000000000e+03 6.130390000000000000e+16
1.378007000000000026e+01 1.393889000000000067e+01 3.780000000000000000e+02 2.653168000000000000e+16
1.393889000000000067e+01 1.409772000000000070e+01 1.020000000000000000e+02 1.025463000000000000e+16
1.409772000000000070e+01 1.425655000000000072e+01 2.200000000000000000e+01 3.147840000000000000e+15
1.425655000000000072e+01 1.441536999999999935e+01 5.000000000000000000e+00 9.519100000000000000e+14
