# M_low [Msun/h] M_high[Msun/h] Number M_total[Msun/h]
1.282709999999999972e+01 1.305264000000000024e+01 2.613920000000000000e+05 2.244486000000000000e+18
1.305264000000000024e+01 1.327818000000000076e+01 1.452190000000000000e+05 2.095562000000000000e+18
1.327818000000000076e+01 1.350370999999999988e+01 7.714200000000000000e+04 1.866733000000000000e+18
1.350370999999999988e+01 1.372925000000000040e+01 3.868600000000000000e+04 1.564279000000000000e+18
1.372925000000000040e+01 1.395477999999999952e+01 1.760600000000000000e+04 1.192229000000000000e+18
1.395477999999999952e+01 1.418032000000000004e+01 7.167000000000000000e+03 8.087909000000000000e+17
1.418032000000000004e+01 1.440584999999999916e+01 2.320000000000000000e+03 4.372744000000000000e+17
1.440584999999999916e+01 1.463138999999999967e+01 5.990000000000000000e+02 1.865100000000000000e+17
1.463138999999999967e+01 1.485693000000000019e+01 1.150000000000000000e+02 5.853257000000000000e+16
1.485693000000000019e+01 1.508245999999999931e+01 1.600000000000000000e+01 1.389790000000000000e+16
