# M_low [Msun/h] M_high[Msun/h] Number M_total[Msun/h]
1.282709999999999972e+01 1.304443999999999981e+01 2.319640000000000000e+05 1.970008000000000000e+18
1.304443999999999981e+01 1.326177000000000028e+01 1.293090000000000000e+05 1.812133000000000000e+18
1.326177000000000028e+01 1.347910000000000075e+01 6.782100000000000000e+04 1.565217000000000000e+18
1.347910000000000075e+01 1.369644000000000084e+01 3.348200000000000000e+04 1.268271000000000000e+18
1.369644000000000084e+01 1.391376999999999953e+01 1.525200000000000000e+04 9.482416000000000000e+17
1.391376999999999953e+01 1.413109999999999999e+01 5.923000000000000000e+03 6.038552000000000000e+17
1.413109999999999999e+01 1.434844000000000008e+01 1.922000000000000000e+03 3.211026000000000000e+17
1.434844000000000008e+01 1.456577000000000055e+01 4.970000000000000000e+02 1.341489000000000000e+17
1.456577000000000055e+01 1.478309999999999924e+01 9.400000000000000000e+01 4.213914000000000000e+16
1.478309999999999924e+01 1.500042999999999971e+01 1.100000000000000000e+01 8.204030000000000000e+15
