# M_low [Msun/h] M_high[Msun/h] Number M_total[Msun/h]
1.282709999999999972e+01 1.293255000000000088e+01 8.569000000000000000e+03 6.432112000000000000e+16
1.293255000000000088e+01 1.303799000000000063e+01 4.770000000000000000e+03 4.570116000000000000e+16
1.303799000000000063e+01 1.314343000000000039e+01 2.533000000000000000e+03 3.090129000000000000e+16
1.314343000000000039e+01 1.324887000000000015e+01 1.310000000000000000e+03 2.033534000000000000e+16
1.324887000000000015e+01 1.335431999999999952e+01 6.370000000000000000e+02 1.265212000000000000e+16
1.335431999999999952e+01 1.345975999999999928e+01 3.050000000000000000e+02 7.674555000000000000e+15
1.345975999999999928e+01 1.356520000000000081e+01 1.230000000000000000e+02 3.957306000000000000e+15
1.356520000000000081e+01 1.367064000000000057e+01 4.200000000000000000e+01 1.741566000000000000e+15
1.367064000000000057e+01 1.377608000000000033e+01 1.900000000000000000e+01 9.845840000000000000e+14
1.377608000000000033e+01 1.388152999999999970e+01 3.000000000000000000e+00 1.837800000000000000e+14
