# M_low [Msun/h] M_high[Msun/h] Number M_total[Msun/h]
1.282709999999999972e+01 1.306377999999999950e+01 3.116750000000000000e+05 2.709619000000000000e+18
1.306377999999999950e+01 1.330044999999999966e+01 1.781740000000000000e+05 2.670042000000000000e+18
1.330044999999999966e+01 1.353711999999999982e+01 9.772800000000000000e+04 2.520441000000000000e+18
1.353711999999999982e+01 1.377378999999999998e+01 5.078300000000000000e+04 2.250215000000000000e+18
1.377378999999999998e+01 1.401046000000000014e+01 2.444500000000000000e+04 1.862781000000000000e+18
1.401046000000000014e+01 1.424713000000000029e+01 1.063500000000000000e+04 1.389804000000000000e+18
1.424713000000000029e+01 1.448381000000000007e+01 3.788000000000000000e+03 8.467485000000000000e+17
1.448381000000000007e+01 1.472048000000000023e+01 1.099000000000000000e+03 4.179918000000000000e+17
1.472048000000000023e+01 1.495715000000000039e+01 2.260000000000000000e+02 1.437959000000000000e+17
1.495715000000000039e+01 1.519382000000000055e+01 3.000000000000000000e+01 3.407825000000000000e+16
