# M_low [Msun/h] M_high[Msun/h] Number M_total[Msun/h]
1.282709999999999972e+01 1.307407000000000075e+01 3.407270000000000000e+05 2.999663000000000000e+18
1.307407000000000075e+01 1.332103000000000037e+01 1.926250000000000000e+05 2.993471000000000000e+18
1.332103000000000037e+01 1.356798999999999999e+01 1.063140000000000000e+05 2.908983000000000000e+18
1.356798999999999999e+01 1.381494999999999962e+01 5.563600000000000000e+04 2.677680000000000000e+18
1.381494999999999962e+01 1.406192000000000064e+01 2.651100000000000000e+04 2.246420000000000000e+18
1.406192000000000064e+01 1.430888000000000027e+01 1.172700000000000000e+04 1.741732000000000000e+18
1.430888000000000027e+01 1.455583999999999989e+01 4.181000000000000000e+03 1.085487000000000000e+18
1.455583999999999989e+01 1.480280999999999914e+01 1.254000000000000000e+03 5.681792000000000000e+17
1.480280999999999914e+01 1.504977000000000054e+01 2.360000000000000000e+02 1.839824000000000000e+17
1.504977000000000054e+01 1.529673000000000016e+01 3.000000000000000000e+01 4.224700000000000000e+16
