# M_low [Msun/h] M_high[Msun/h] Number M_total[Msun/h]
1.282709999999999972e+01 1.305861999999999945e+01 2.875450000000000000e+05 2.484578000000000000e+18
1.305861999999999945e+01 1.329012999999999955e+01 1.621380000000000000e+05 2.386743000000000000e+18
1.329012999999999955e+01 1.352163999999999966e+01 8.744000000000000000e+04 2.188372000000000000e+18
1.352163999999999966e+01 1.375315999999999939e+01 4.457300000000000000e+04 1.893414000000000000e+18
1.375315999999999939e+01 1.398466999999999949e+01 2.085700000000000000e+04 1.503999000000000000e+18
1.398466999999999949e+01 1.421617999999999959e+01 8.744000000000000000e+03 1.066570000000000000e+18
1.421617999999999959e+01 1.444768999999999970e+01 2.982000000000000000e+03 6.156776000000000000e+17
1.444768999999999970e+01 1.467920999999999943e+01 7.860000000000000000e+02 2.735208000000000000e+17
1.467920999999999943e+01 1.491071999999999953e+01 1.560000000000000000e+02 8.998520000000000000e+16
1.491071999999999953e+01 1.514222999999999963e+01 2.200000000000000000e+01 2.203292000000000000e+16
