# M_low [Msun/h] M_high[Msun/h] Number M_total[Msun/h]
1.282709999999999972e+01 1.303476999999999997e+01 2.024150000000000000e+05 1.701598000000000000e+18
1.303476999999999997e+01 1.324244000000000021e+01 1.127970000000000000e+05 1.528075000000000000e+18
1.324244000000000021e+01 1.345010000000000083e+01 5.919200000000000000e+04 1.292699000000000000e+18
1.345010000000000083e+01 1.365776999999999930e+01 2.905100000000000000e+04 1.018868000000000000e+18
1.365776999999999930e+01 1.386542999999999992e+01 1.313800000000000000e+04 7.403129000000000000e+17
1.386542999999999992e+01 1.407310000000000016e+01 5.092000000000000000e+03 4.594695000000000000e+17
1.407310000000000016e+01 1.428077000000000041e+01 1.686000000000000000e+03 2.445061000000000000e+17
1.428077000000000041e+01 1.448842999999999925e+01 4.350000000000000000e+02 9.957627000000000000e+16
1.448842999999999925e+01 1.469609999999999950e+01 8.200000000000000000e+01 3.150025000000000000e+16
1.469609999999999950e+01 1.490376000000000012e+01 1.300000000000000000e+01 7.536850000000000000e+15
