# M_low [Msun/h] M_high[Msun/h] Number M_total[Msun/h]
1.278693999999999953e+01 1.294782000000000011e+01 7.342900000000000000e+04 5.336667000000000000e+17
1.294782000000000011e+01 1.310868999999999929e+01 4.065200000000000000e+04 4.280473000000000000e+17
1.310868999999999929e+01 1.326956999999999987e+01 2.146100000000000000e+04 3.268410000000000000e+17
1.326956999999999987e+01 1.343044000000000082e+01 1.042000000000000000e+04 2.291892000000000000e+17
1.343044000000000082e+01 1.359131999999999962e+01 4.607000000000000000e+03 1.462850000000000000e+17
1.359131999999999962e+01 1.375219000000000058e+01 1.918000000000000000e+03 8.774459000000000000e+16
1.375219000000000058e+01 1.391306999999999938e+01 6.760000000000000000e+02 4.455459000000000000e+16
1.391306999999999938e+01 1.407394000000000034e+01 1.970000000000000000e+02 1.863656000000000000e+16
1.407394000000000034e+01 1.423481999999999914e+01 3.600000000000000000e+01 4.837250000000000000e+15
1.423481999999999914e+01 1.439569000000000010e+01 4.000000000000000000e+00 7.632600000000000000e+14
