# M_low [Msun/h] M_high[Msun/h] Number M_total[Msun/h]
1.278693999999999953e+01 1.307060000000000066e+01 3.928420000000000000e+05 3.285592000000000000e+18
1.307060000000000066e+01 1.335426000000000002e+01 2.160900000000000000e+05 3.473174000000000000e+18
1.335426000000000002e+01 1.363791999999999938e+01 1.176230000000000000e+05 3.624923000000000000e+18
1.363791999999999938e+01 1.392158000000000051e+01 6.008900000000000000e+04 3.548072000000000000e+18
1.392158000000000051e+01 1.420523999999999987e+01 2.856000000000000000e+04 3.222430000000000000e+18
1.420523999999999987e+01 1.448888999999999960e+01 1.223700000000000000e+04 2.626855000000000000e+18
1.448888999999999960e+01 1.477255000000000074e+01 4.420000000000000000e+03 1.804590000000000000e+18
1.477255000000000074e+01 1.505621000000000009e+01 1.219000000000000000e+03 9.430382000000000000e+17
1.505621000000000009e+01 1.533986999999999945e+01 2.280000000000000000e+02 3.250836000000000000e+17
1.533986999999999945e+01 1.562353000000000058e+01 1.800000000000000000e+01 4.907900000000000000e+16
