# M_low [Msun/h] M_high[Msun/h] Number M_total[Msun/h]
1.278693999999999953e+01 1.305244000000000071e+01 3.429630000000000000e+05 2.808135000000000000e+18
1.305244000000000071e+01 1.331794000000000011e+01 1.878810000000000000e+05 2.832249000000000000e+18
1.331794000000000011e+01 1.358343999999999951e+01 9.894400000000000000e+04 2.742067000000000000e+18
1.358343999999999951e+01 1.384894000000000069e+01 4.889000000000000000e+04 2.484078000000000000e+18
1.384894000000000069e+01 1.411444000000000010e+01 2.191500000000000000e+04 2.043794000000000000e+18
1.411444000000000010e+01 1.437993999999999950e+01 8.703000000000000000e+03 1.482559000000000000e+18
1.437993999999999950e+01 1.464542999999999928e+01 2.756000000000000000e+03 8.540997000000000000e+17
1.464542999999999928e+01 1.491093000000000046e+01 6.670000000000000000e+02 3.735566000000000000e+17
1.491093000000000046e+01 1.517642999999999986e+01 9.500000000000000000e+01 9.497560000000000000e+16
1.517642999999999986e+01 1.544192999999999927e+01 8.000000000000000000e+00 1.351770000000000000e+16
