# M_low [Msun/h] M_high[Msun/h] Number M_total[Msun/h]
1.278693999999999953e+01 1.306498000000000026e+01 3.688270000000000000e+05 3.062602000000000000e+18
1.306498000000000026e+01 1.334300999999999959e+01 2.005140000000000000e+05 3.155909000000000000e+18
1.334300999999999959e+01 1.362105000000000032e+01 1.051830000000000000e+05 3.133460000000000000e+18
1.362105000000000032e+01 1.389907999999999966e+01 5.201300000000000000e+04 2.924997000000000000e+18
1.389907999999999966e+01 1.417712000000000039e+01 2.311900000000000000e+04 2.455199000000000000e+18
1.417712000000000039e+01 1.445515999999999934e+01 9.148000000000000000e+03 1.823146000000000000e+18
1.445515999999999934e+01 1.473319000000000045e+01 2.921000000000000000e+03 1.081623000000000000e+18
1.473319000000000045e+01 1.501122999999999941e+01 7.100000000000000000e+02 4.946359000000000000e+17
1.501122999999999941e+01 1.528926000000000052e+01 8.600000000000000000e+01 1.128281000000000000e+17
1.528926000000000052e+01 1.556729999999999947e+01 6.000000000000000000e+00 1.335760000000000000e+16
