# M_low [Msun/h] M_high[Msun/h] Number M_total[Msun/h]
1.278693999999999953e+01 1.301542000000000066e+01 2.350040000000000000e+05 1.843081000000000000e+18
1.301542000000000066e+01 1.324389000000000038e+01 1.273280000000000000e+05 1.688263000000000000e+18
1.324389000000000038e+01 1.347236999999999973e+01 6.563100000000000000e+04 1.468904000000000000e+18
1.347236999999999973e+01 1.370083999999999946e+01 3.136600000000000000e+04 1.183387000000000000e+18
1.370083999999999946e+01 1.392932000000000059e+01 1.319500000000000000e+04 8.375211000000000000e+17
1.392932000000000059e+01 1.415779999999999994e+01 5.039000000000000000e+03 5.362889000000000000e+17
1.415779999999999994e+01 1.438626999999999967e+01 1.481000000000000000e+03 2.646423000000000000e+17
1.438626999999999967e+01 1.461475000000000080e+01 3.480000000000000000e+02 1.009718000000000000e+17
1.461475000000000080e+01 1.484322000000000052e+01 4.700000000000000000e+01 2.314927000000000000e+16
1.484322000000000052e+01 1.507169999999999987e+01 3.000000000000000000e+00 2.575200000000000000e+15
