# M_low [Msun/h] M_high[Msun/h] Number M_total[Msun/h]
1.278693999999999953e+01 1.302294000000000018e+01 2.821840000000000000e+05 2.236281000000000000e+18
1.302294000000000018e+01 1.325892999999999944e+01 1.572410000000000000e+05 2.143309000000000000e+18
1.325892999999999944e+01 1.349492000000000047e+01 8.540300000000000000e+04 1.998198000000000000e+18
1.349492000000000047e+01 1.373090999999999973e+01 4.307100000000000000e+04 1.727218000000000000e+18
1.373090999999999973e+01 1.396691000000000038e+01 1.993000000000000000e+04 1.373317000000000000e+18
1.396691000000000038e+01 1.420289999999999964e+01 8.212000000000000000e+03 9.643091000000000000e+17
1.420289999999999964e+01 1.443889000000000067e+01 2.941000000000000000e+03 5.905340000000000000e+17
1.443889000000000067e+01 1.467488999999999955e+01 7.600000000000000000e+02 2.611431000000000000e+17
1.467488999999999955e+01 1.491088000000000058e+01 1.310000000000000000e+02 7.565653000000000000e+16
1.491088000000000058e+01 1.514686999999999983e+01 1.200000000000000000e+01 1.143473000000000000e+16
