# M_low [Msun/h] M_high[Msun/h] Number M_total[Msun/h]
1.278693999999999953e+01 1.302302000000000071e+01 2.622220000000000000e+05 2.076040000000000000e+18
1.302302000000000071e+01 1.325909000000000049e+01 1.430010000000000000e+05 1.948787000000000000e+18
1.325909000000000049e+01 1.349516000000000027e+01 7.452200000000000000e+04 1.743428000000000000e+18
1.349516000000000027e+01 1.373123999999999967e+01 3.587900000000000000e+04 1.439535000000000000e+18
1.373123999999999967e+01 1.396730999999999945e+01 1.573800000000000000e+04 1.081338000000000000e+18
1.396730999999999945e+01 1.420337999999999923e+01 5.999000000000000000e+03 7.041368000000000000e+17
1.420337999999999923e+01 1.443946000000000041e+01 1.897000000000000000e+03 3.790652000000000000e+17
1.443946000000000041e+01 1.467553000000000019e+01 4.220000000000000000e+02 1.426850000000000000e+17
1.467553000000000019e+01 1.491159999999999997e+01 5.600000000000000000e+01 3.122536000000000000e+16
1.491159999999999997e+01 1.514767999999999937e+01 6.000000000000000000e+00 5.560700000000000000e+15
