# M_low [Msun/h] M_high[Msun/h] Number M_total[Msun/h]
1.278693999999999953e+01 1.303131999999999913e+01 3.079410000000000000e+05 2.465572000000000000e+18
1.303131999999999913e+01 1.327569000000000088e+01 1.722380000000000000e+05 2.419665000000000000e+18
1.327569000000000088e+01 1.352006000000000085e+01 9.375300000000000000e+04 2.307038000000000000e+18
1.352006000000000085e+01 1.376444000000000045e+01 4.805900000000000000e+04 2.064655000000000000e+18
1.376444000000000045e+01 1.400881000000000043e+01 2.247200000000000000e+04 1.689254000000000000e+18
1.400881000000000043e+01 1.425318000000000040e+01 9.428000000000000000e+03 1.237838000000000000e+18
1.425318000000000040e+01 1.449756000000000000e+01 3.284000000000000000e+03 7.510712000000000000e+17
1.449756000000000000e+01 1.474192999999999998e+01 9.190000000000000000e+02 3.622510000000000000e+17
1.474192999999999998e+01 1.498630999999999958e+01 1.830000000000000000e+02 1.243110000000000000e+17
1.498630999999999958e+01 1.523067999999999955e+01 1.600000000000000000e+01 1.873977000000000000e+16
