# M_low [Msun/h] M_high[Msun/h] Number M_total[Msun/h]
1.278693999999999953e+01 1.307063999999999915e+01 3.861540000000000000e+05 3.227474000000000000e+18
1.307063999999999915e+01 1.335434000000000054e+01 2.109040000000000000e+05 3.387523000000000000e+18
1.335434000000000054e+01 1.363803000000000054e+01 1.124970000000000000e+05 3.460810000000000000e+18
1.363803000000000054e+01 1.392173000000000016e+01 5.643900000000000000e+04 3.323687000000000000e+18
1.392173000000000016e+01 1.420542999999999978e+01 2.608600000000000000e+04 2.939661000000000000e+18
1.420542999999999978e+01 1.448911999999999978e+01 1.056900000000000000e+04 2.274356000000000000e+18
1.448911999999999978e+01 1.477281999999999940e+01 3.561000000000000000e+03 1.446942000000000000e+18
1.477281999999999940e+01 1.505652000000000079e+01 9.320000000000000000e+02 7.181438000000000000e+17
1.505652000000000079e+01 1.534021000000000079e+01 1.380000000000000000e+02 1.954043000000000000e+17
1.534021000000000079e+01 1.562391000000000041e+01 9.000000000000000000e+00 2.444370000000000000e+16
