# M_low [Msun/h] M_high[Msun/h] Number M_total[Msun/h]
1.278693999999999953e+01 1.290507000000000026e+01 1.311300000000000000e+04 9.097225000000000000e+16
1.290507000000000026e+01 1.302319999999999922e+01 7.163000000000000000e+03 6.532283000000000000e+16
1.302319999999999922e+01 1.314132999999999996e+01 3.812000000000000000e+03 4.554992000000000000e+16
1.314132999999999996e+01 1.325944999999999929e+01 1.786000000000000000e+03 2.805552000000000000e+16
1.325944999999999929e+01 1.337758000000000003e+01 8.000000000000000000e+02 1.641888000000000000e+16
1.337758000000000003e+01 1.349571000000000076e+01 3.320000000000000000e+02 8.842643000000000000e+15
1.349571000000000076e+01 1.361383000000000010e+01 1.530000000000000000e+02 5.332597000000000000e+15
1.361383000000000010e+01 1.373196000000000083e+01 4.100000000000000000e+01 1.892050000000000000e+15
1.373196000000000083e+01 1.385008999999999979e+01 9.000000000000000000e+00 5.652820000000000000e+14
1.385008999999999979e+01 1.396822000000000052e+01 3.000000000000000000e+00 2.175110000000000000e+14
