3.263199000000000000e+06 1.763060000000000000e+06 1.105441000000000000e+06 6.568076999999999534e+05 3.323467999999999884e+05 1.794596000000000058e+05 7.572794999999999709e+04 2.304159000000000015e+04 4.363051999999999680e+03 4.768754000000000133e+02
1.763060000000000000e+06 1.294576000000000000e+06 6.705545000000000000e+05 4.064024000000000233e+05 2.046527999999999884e+05 1.097620000000000000e+05 4.499391000000000349e+04 1.375056999999999971e+04 2.887264000000000124e+03 3.245914000000000215e+02
1.105441000000000000e+06 6.705545000000000000e+05 5.222359000000000233e+05 2.488598999999999942e+05 1.317757000000000116e+05 7.063938000000000466e+04 2.966770999999999913e+04 9.605962999999999738e+03 1.574461999999999989e+03 1.890167999999999893e+02
6.568076999999999534e+05 4.064024000000000233e+05 2.488598999999999942e+05 2.044280000000000000e+05 7.891413000000000466e+04 4.158459999999999854e+04 1.791072000000000116e+04 5.442945999999999913e+03 1.052382000000000062e+03 1.102569000000000017e+02
3.323467999999999884e+05 2.046527999999999884e+05 1.317757000000000116e+05 7.891413000000000466e+04 6.380594999999999709e+04 2.246054000000000087e+04 9.002681000000000495e+03 2.537483000000000175e+03 5.137250999999999976e+02 6.594517000000000451e+01
1.794596000000000058e+05 1.097620000000000000e+05 7.063938000000000466e+04 4.158459999999999854e+04 2.246054000000000087e+04 2.068249000000000160e+04 5.167832000000000335e+03 1.563238000000000056e+03 2.888566000000000145e+02 3.273281999999999670e+01
7.572794999999999709e+04 4.499391000000000349e+04 2.966770999999999913e+04 1.791072000000000116e+04 9.002681000000000495e+03 5.167832000000000335e+03 5.098488999999999578e+03 6.481262000000000398e+02 1.500696000000000083e+02 3.669771999999999679e+01
2.304159000000000015e+04 1.375056999999999971e+04 9.605962999999999738e+03 5.442945999999999913e+03 2.537483000000000175e+03 1.563238000000000056e+03 6.481262000000000398e+02 8.298057999999999765e+02 3.068214000000000041e+01 3.672501000000000015e+00
4.363051999999999680e+03 2.887264000000000124e+03 1.574461999999999989e+03 1.052382000000000062e+03 5.137250999999999976e+02 2.888566000000000145e+02 1.500696000000000083e+02 3.068214000000000041e+01 8.339149000000000456e+01 9.902495999999999521e-01
4.768754000000000133e+02 3.245914000000000215e+02 1.890167999999999893e+02 1.102569000000000017e+02 6.594517000000000451e+01 3.273281999999999670e+01 3.669771999999999679e+01 3.672501000000000015e+00 9.902495999999999521e-01 5.918105999999999867e+00
