2.740802000000000044e+04 6.826697000000000116e+03 5.057719000000000051e+03 2.679923999999999978e+03 1.381233999999999924e+03 5.110389999999999873e+02 3.537744999999999891e+02 3.686341000000000179e+01 1.646582000000000079e+01 2.161785000000000068e+00
6.826697000000000116e+03 1.085570999999999913e+04 2.580177000000000135e+03 1.760994999999999891e+03 6.874672000000000480e+02 3.136283999999999992e+02 1.951123000000000047e+02 3.233711000000000269e+01 1.206428000000000011e+01 3.023379999999999956e+00
5.057719000000000051e+03 2.580177000000000135e+03 5.254186999999999898e+03 1.122474999999999909e+03 3.909848999999999819e+02 2.476716000000000122e+02 1.076564999999999941e+02 3.467432999999999765e+01 -7.797240999999999894e-03 -6.323563000000000045e+00
2.679923999999999978e+03 1.760994999999999891e+03 1.122474999999999909e+03 2.335360000000000127e+03 2.389074999999999989e+02 1.685608000000000004e+02 9.810098999999999592e+01 1.495120999999999967e+01 8.588661000000000101e+00 -3.458076000000000150e+00
1.381233999999999924e+03 6.874672000000000480e+02 3.909848999999999819e+02 2.389074999999999989e+02 1.008027000000000044e+03 3.518115000000000236e+01 5.283411000000000257e+01 2.289270000000000138e+01 3.929809999999999803e+00 -6.861572000000000227e-01
5.110389999999999873e+02 3.136283999999999992e+02 2.476716000000000122e+02 1.685608000000000004e+02 3.518115000000000236e+01 3.400532999999999788e+02 4.779709000000000430e+00 1.139176999999999929e+01 1.637421000000000015e-01 5.458069000000000115e-02
3.537744999999999891e+02 1.951123000000000047e+02 1.076564999999999941e+02 9.810098999999999592e+01 5.283411000000000257e+01 4.779709000000000430e+00 1.629603999999999928e+02 -4.243648999999999560e+00 2.306033999999999917e+00 -8.947334000000000120e-01
3.686341000000000179e+01 3.233711000000000269e+01 3.467432999999999765e+01 1.495120999999999967e+01 2.289270000000000138e+01 1.139176999999999929e+01 -4.243648999999999560e+00 4.163532000000000011e+01 -7.192954999999999766e-01 -2.397652000000000116e-01
1.646582000000000079e+01 1.206428000000000011e+01 -7.797240999999999894e-03 8.588661000000000101e+00 3.929809999999999803e+00 1.637421000000000015e-01 2.306033999999999917e+00 -7.192954999999999766e-01 8.824528000000000816e+00 -5.263137999999999844e-02
2.161785000000000068e+00 3.023379999999999956e+00 -6.323563000000000045e+00 -3.458076000000000150e+00 -6.861572000000000227e-01 5.458069000000000115e-02 -8.947334000000000120e-01 -2.397652000000000116e-01 -5.263137999999999844e-02 2.976596999999999937e+00
