# M_low [Msun/h] M_high[Msun/h] Number M_total[Msun/h]
1.283051000000000030e+01 1.294278000000000084e+01 1.302400000000000000e+04 9.941148000000000000e+16
1.294278000000000084e+01 1.305504999999999960e+01 7.372000000000000000e+03 7.290895000000000000e+16
1.305504999999999960e+01 1.316732000000000014e+01 3.993000000000000000e+03 5.117576000000000000e+16
1.316732000000000014e+01 1.327959000000000067e+01 1.973000000000000000e+03 3.257301000000000000e+16
1.327959000000000067e+01 1.339185999999999943e+01 9.950000000000000000e+02 2.119473000000000000e+16
1.339185999999999943e+01 1.350412999999999997e+01 4.360000000000000000e+02 1.211250000000000000e+16
1.350412999999999997e+01 1.361640000000000050e+01 1.800000000000000000e+02 6.402990000000000000e+15
1.361640000000000050e+01 1.372866999999999926e+01 5.800000000000000000e+01 2.705338000000000000e+15
1.372866999999999926e+01 1.384093999999999980e+01 2.700000000000000000e+01 1.632435000000000000e+15
1.384093999999999980e+01 1.395321000000000033e+01 6.000000000000000000e+00 4.611500000000000000e+14
