2.099425000000000000e+06 1.150221000000000000e+06 7.547840999999999767e+05 4.653005000000000000e+05 2.587377000000000116e+05 1.403047999999999884e+05 7.423800000000000000e+04 2.226931000000000131e+04 8.091117000000000189e+03 1.381324000000000069e+03
1.150221000000000000e+06 9.385739000000000233e+05 4.933402999999999884e+05 3.096289000000000233e+05 1.727027999999999884e+05 9.358978999999999360e+04 4.822615000000000146e+04 1.569144000000000051e+04 5.757985999999999876e+03 8.925112000000000307e+02
7.547840999999999767e+05 4.933402999999999884e+05 4.175500999999999767e+05 1.977112000000000116e+05 1.096033999999999942e+05 6.179941999999999825e+04 3.236199000000000160e+04 1.064354000000000087e+04 3.505773999999999887e+03 5.874948000000000548e+02
4.653005000000000000e+05 3.096289000000000233e+05 1.977112000000000116e+05 1.731680000000000000e+05 6.837480999999999767e+04 3.853687999999999738e+04 2.156668000000000029e+04 6.650979999999999563e+03 2.231206000000000131e+03 3.039248000000000047e+02
2.587377000000000116e+05 1.727027999999999884e+05 1.096033999999999942e+05 6.837480999999999767e+04 6.256933000000000175e+04 2.313525999999999840e+04 1.041528000000000065e+04 3.245621000000000095e+03 1.730119999999999891e+03 1.563308000000000106e+02
1.403047999999999884e+05 9.358978999999999360e+04 6.179941999999999825e+04 3.853687999999999738e+04 2.313525999999999840e+04 2.406765999999999985e+04 6.860202000000000226e+03 1.888635999999999967e+03 9.420140000000000100e+02 1.585295999999999879e+02
7.423800000000000000e+04 4.822615000000000146e+04 3.236199000000000160e+04 2.156668000000000029e+04 1.041528000000000065e+04 6.860202000000000226e+03 8.236738999999999578e+03 1.202657999999999902e+03 4.219574999999999818e+02 2.638975999999999900e+01
2.226931000000000131e+04 1.569144000000000051e+04 1.064354000000000087e+04 6.650979999999999563e+03 3.245621000000000095e+03 1.888635999999999967e+03 1.202657999999999902e+03 1.767034000000000106e+03 1.625764000000000067e+02 2.249503999999999948e+01
8.091117000000000189e+03 5.757985999999999876e+03 3.505773999999999887e+03 2.231206000000000131e+03 1.730119999999999891e+03 9.420140000000000100e+02 4.219574999999999818e+02 1.625764000000000067e+02 3.976729000000000269e+02 3.021431000000000200e+00
1.381324000000000069e+03 8.925112000000000307e+02 5.874948000000000548e+02 3.039248000000000047e+02 1.563308000000000106e+02 1.585295999999999879e+02 2.638975999999999900e+01 2.249503999999999948e+01 3.021431000000000200e+00 5.819080999999999904e+01
