# M_low [Msun/h] M_high[Msun/h] Number M_total[Msun/h]
1.283051000000000030e+01 1.305353000000000030e+01 2.747820000000000000e+05 2.374193000000000000e+18
1.305353000000000030e+01 1.327655000000000030e+01 1.586560000000000000e+05 2.290584000000000000e+18
1.327655000000000030e+01 1.349957000000000029e+01 8.906400000000000000e+04 2.144782000000000000e+18
1.349957000000000029e+01 1.372259999999999991e+01 4.735200000000000000e+04 1.897348000000000000e+18
1.372259999999999991e+01 1.394561999999999991e+01 2.329100000000000000e+04 1.556535000000000000e+18
1.394561999999999991e+01 1.416863999999999990e+01 1.036300000000000000e+04 1.152911000000000000e+18
1.416863999999999990e+01 1.439166999999999952e+01 4.001000000000000000e+03 7.380694000000000000e+17
1.439166999999999952e+01 1.461468999999999951e+01 1.316000000000000000e+03 4.026016000000000000e+17
1.461468999999999951e+01 1.483770999999999951e+01 3.220000000000000000e+02 1.633527000000000000e+17
1.483770999999999951e+01 1.506073999999999913e+01 5.100000000000000000e+01 4.181094000000000000e+16
