# M_low [Msun/h] M_high[Msun/h] Number M_total[Msun/h]
1.283051000000000030e+01 1.304263000000000083e+01 2.457420000000000000e+05 2.095031000000000000e+18
1.304263000000000083e+01 1.325475999999999921e+01 1.435880000000000000e+05 1.995402000000000000e+18
1.325475999999999921e+01 1.346688999999999936e+01 8.052100000000000000e+04 1.822880000000000000e+18
1.346688999999999936e+01 1.367901999999999951e+01 4.286300000000000000e+04 1.574535000000000000e+18
1.367901999999999951e+01 1.389114999999999966e+01 2.100200000000000000e+04 1.254349000000000000e+18
1.389114999999999966e+01 1.410327999999999982e+01 9.329000000000000000e+03 9.034465000000000000e+17
1.410327999999999982e+01 1.431540999999999997e+01 3.700000000000000000e+03 5.814154000000000000e+17
1.431540999999999997e+01 1.452754000000000012e+01 1.238000000000000000e+03 3.138098000000000000e+17
1.452754000000000012e+01 1.473967000000000027e+01 3.030000000000000000e+02 1.240359000000000000e+17
1.473967000000000027e+01 1.495180000000000042e+01 5.300000000000000000e+01 3.474545000000000000e+16
