# M_low [Msun/h] M_high[Msun/h] Number M_total[Msun/h]
1.283051000000000030e+01 1.308248999999999995e+01 3.480910000000000000e+05 3.109625000000000000e+18
1.308248999999999995e+01 1.333446999999999960e+01 1.994370000000000000e+05 3.184300000000000000e+18
1.333446999999999960e+01 1.358644999999999925e+01 1.123300000000000000e+05 3.195068000000000000e+18
1.358644999999999925e+01 1.383843000000000067e+01 6.042600000000000000e+04 3.064109000000000000e+18
1.383843000000000067e+01 1.409041999999999994e+01 3.015800000000000000e+04 2.722461000000000000e+18
1.409041999999999994e+01 1.434239999999999959e+01 1.408300000000000000e+04 2.255796000000000000e+18
1.434239999999999959e+01 1.459437999999999924e+01 5.540000000000000000e+03 1.574378000000000000e+18
1.459437999999999924e+01 1.484636000000000067e+01 1.825000000000000000e+03 9.158001000000000000e+17
1.484636000000000067e+01 1.509834000000000032e+01 4.620000000000000000e+02 4.095631000000000000e+17
1.509834000000000032e+01 1.535032999999999959e+01 6.600000000000000000e+01 9.898210000000000000e+16
