# M_low [Msun/h] M_high[Msun/h] Number M_total[Msun/h]
1.283051000000000030e+01 1.307521999999999984e+01 3.278030000000000000e+05 2.901675000000000000e+18
1.307521999999999984e+01 1.331994000000000078e+01 1.871620000000000000e+05 2.913287000000000000e+18
1.331994000000000078e+01 1.356465999999999994e+01 1.054090000000000000e+05 2.876938000000000000e+18
1.356465999999999994e+01 1.380936999999999948e+01 5.532900000000000000e+04 2.646437000000000000e+18
1.380936999999999948e+01 1.405409000000000042e+01 2.762300000000000000e+04 2.310426000000000000e+18
1.405409000000000042e+01 1.429880999999999958e+01 1.229900000000000000e+04 1.796999000000000000e+18
1.429880999999999958e+01 1.454353000000000051e+01 4.765000000000000000e+03 1.214216000000000000e+18
1.454353000000000051e+01 1.478824000000000005e+01 1.474000000000000000e+03 6.523818000000000000e+17
1.478824000000000005e+01 1.503295999999999921e+01 3.790000000000000000e+02 2.894588000000000000e+17
1.503295999999999921e+01 1.527768000000000015e+01 5.400000000000000000e+01 6.774860000000000000e+16
