# M_low [Msun/h] M_high[Msun/h] Number M_total[Msun/h]
1.283051000000000030e+01 1.299146999999999963e+01 7.553800000000000000e+04 6.068983000000000000e+17
1.299146999999999963e+01 1.315243000000000073e+01 4.171400000000000000e+04 4.856173000000000000e+17
1.315243000000000073e+01 1.331339999999999968e+01 2.181300000000000000e+04 3.665667000000000000e+17
1.331339999999999968e+01 1.347436000000000078e+01 1.047600000000000000e+04 2.548170000000000000e+17
1.347436000000000078e+01 1.363532999999999973e+01 4.830000000000000000e+03 1.696398000000000000e+17
1.363532999999999973e+01 1.379629000000000083e+01 1.922000000000000000e+03 9.732886000000000000e+16
1.379629000000000083e+01 1.395725999999999978e+01 6.610000000000000000e+02 4.839389000000000000e+16
1.395725999999999978e+01 1.411822000000000088e+01 1.990000000000000000e+02 2.087636000000000000e+16
1.411822000000000088e+01 1.427918999999999983e+01 5.000000000000000000e+01 7.517330000000000000e+15
1.427918999999999983e+01 1.444014999999999915e+01 9.000000000000000000e+00 2.002750000000000000e+15
