# M_low [Msun/h] M_high[Msun/h] Number M_total[Msun/h]
1.283051000000000030e+01 1.311539999999999928e+01 3.973420000000000000e+05 3.679493000000000000e+18
1.311539999999999928e+01 1.340029000000000003e+01 2.188700000000000000e+05 3.904629000000000000e+18
1.340029000000000003e+01 1.368518000000000079e+01 1.179990000000000000e+05 4.044709000000000000e+18
1.368518000000000079e+01 1.397007999999999939e+01 6.088200000000000000e+04 4.011791000000000000e+18
1.397007999999999939e+01 1.425497000000000014e+01 2.886900000000000000e+04 3.648464000000000000e+18
1.425497000000000014e+01 1.453985999999999912e+01 1.250200000000000000e+04 3.018117000000000000e+18
1.453985999999999912e+01 1.482475999999999949e+01 4.482000000000000000e+03 2.060574000000000000e+18
1.482475999999999949e+01 1.510965000000000025e+01 1.200000000000000000e+03 1.048945000000000000e+18
1.510965000000000025e+01 1.539453999999999922e+01 2.300000000000000000e+02 3.740328000000000000e+17
1.539453999999999922e+01 1.567943999999999960e+01 1.100000000000000000e+01 3.436050000000000000e+16
