# M_low [Msun/h] M_high[Msun/h] Number M_total[Msun/h]
1.283051000000000030e+01 1.303875000000000028e+01 2.234950000000000000e+05 1.898190000000000000e+18
1.303875000000000028e+01 1.324699000000000026e+01 1.271980000000000000e+05 1.745140000000000000e+18
1.324699000000000026e+01 1.345523000000000025e+01 7.075700000000000000e+04 1.563701000000000000e+18
1.345523000000000025e+01 1.366347000000000023e+01 3.656200000000000000e+04 1.299553000000000000e+18
1.366347000000000023e+01 1.387171999999999983e+01 1.747600000000000000e+04 9.995197000000000000e+17
1.387171999999999983e+01 1.407995999999999981e+01 7.415000000000000000e+03 6.830783000000000000e+17
1.407995999999999981e+01 1.428819999999999979e+01 2.795000000000000000e+03 4.147177000000000000e+17
1.428819999999999979e+01 1.449643999999999977e+01 8.480000000000000000e+02 2.012200000000000000e+17
1.449643999999999977e+01 1.470468999999999937e+01 1.940000000000000000e+02 7.396018000000000000e+16
1.470468999999999937e+01 1.491292999999999935e+01 2.800000000000000000e+01 1.654957000000000000e+16
