# M_low [Msun/h] M_high[Msun/h] Number M_total[Msun/h]
1.283051000000000030e+01 1.306839000000000084e+01 3.053100000000000000e+05 2.678331000000000000e+18
1.306839000000000084e+01 1.330627999999999922e+01 1.750030000000000000e+05 2.657961000000000000e+18
1.330627999999999922e+01 1.354416999999999938e+01 9.650300000000000000e+04 2.529102000000000000e+18
1.354416999999999938e+01 1.378205999999999953e+01 5.049000000000000000e+04 2.280929000000000000e+18
1.378205999999999953e+01 1.401994000000000007e+01 2.455200000000000000e+04 1.910228000000000000e+18
1.401994000000000007e+01 1.425783000000000023e+01 1.058900000000000000e+04 1.419905000000000000e+18
1.425783000000000023e+01 1.449572000000000038e+01 3.987000000000000000e+03 9.160870000000000000e+17
1.449572000000000038e+01 1.473361000000000054e+01 1.165000000000000000e+03 4.586416000000000000e+17
1.473361000000000054e+01 1.497148999999999930e+01 2.950000000000000000e+02 1.972334000000000000e+17
1.497148999999999930e+01 1.520937999999999946e+01 3.700000000000000000e+01 4.084480000000000000e+16
