# M_low [Msun/h] M_high[Msun/h] Number M_total[Msun/h]
1.283051000000000030e+01 1.310336999999999996e+01 3.789010000000000000e+05 3.459159000000000000e+18
1.310336999999999996e+01 1.337623999999999924e+01 2.128470000000000000e+05 3.642001000000000000e+18
1.337623999999999924e+01 1.364911000000000030e+01 1.158990000000000000e+05 3.712120000000000000e+18
1.364911000000000030e+01 1.392197999999999958e+01 6.056200000000000000e+04 3.627959000000000000e+18
1.392197999999999958e+01 1.419485000000000063e+01 2.909300000000000000e+04 3.252186000000000000e+18
1.419485000000000063e+01 1.446771999999999991e+01 1.296600000000000000e+04 2.688941000000000000e+18
1.446771999999999991e+01 1.474057999999999957e+01 4.816000000000000000e+03 1.852632000000000000e+18
1.474057999999999957e+01 1.501345000000000063e+01 1.321000000000000000e+03 9.440376000000000000e+17
1.501345000000000063e+01 1.528631999999999991e+01 3.110000000000000000e+02 4.054526000000000000e+17
1.528631999999999991e+01 1.555918999999999919e+01 2.200000000000000000e+01 4.783610000000000000e+16
