# M_low [Msun/h] M_high[Msun/h] Number M_total[Msun/h]
1.287409000000000070e+01 1.297198000000000029e+01 4.110000000000000000e+03 3.408131000000000000e+16
1.297198000000000029e+01 1.306986999999999988e+01 2.176000000000000000e+03 2.261443000000000000e+16
1.306986999999999988e+01 1.316774999999999984e+01 1.198000000000000000e+03 1.553327000000000000e+16
1.316774999999999984e+01 1.326563999999999943e+01 5.570000000000000000e+02 9.122717000000000000e+15
1.326563999999999943e+01 1.336351999999999940e+01 2.880000000000000000e+02 5.832285000000000000e+15
1.336351999999999940e+01 1.346141000000000076e+01 1.330000000000000000e+02 3.402347000000000000e+15
1.346141000000000076e+01 1.355930000000000035e+01 5.300000000000000000e+01 1.694476000000000000e+15
1.355930000000000035e+01 1.365718000000000032e+01 2.000000000000000000e+01 8.071440000000000000e+14
1.365718000000000032e+01 1.375506999999999991e+01 1.200000000000000000e+01 6.019560000000000000e+14
1.375506999999999991e+01 1.385295999999999950e+01 2.000000000000000000e+00 1.218650000000000000e+14
