# M_low [Msun/h] M_high[Msun/h] Number M_total[Msun/h]
1.287409000000000070e+01 1.312462000000000018e+01 3.423140000000000000e+05 3.375319000000000000e+18
1.312462000000000018e+01 1.337514999999999965e+01 1.952650000000000000e+05 3.426160000000000000e+18
1.337514999999999965e+01 1.362567999999999913e+01 1.087050000000000000e+05 3.391109000000000000e+18
1.362567999999999913e+01 1.387621000000000038e+01 5.726700000000000000e+04 3.167569000000000000e+18
1.387621000000000038e+01 1.412673999999999985e+01 2.818700000000000000e+04 2.766463000000000000e+18
1.412673999999999985e+01 1.437726999999999933e+01 1.275300000000000000e+04 2.212281000000000000e+18
1.437726999999999933e+01 1.462781000000000020e+01 4.818000000000000000e+03 1.482312000000000000e+18
1.462781000000000020e+01 1.487833999999999968e+01 1.424000000000000000e+03 7.656246000000000000e+17
1.487833999999999968e+01 1.512886999999999915e+01 3.260000000000000000e+02 3.047678000000000000e+17
1.512886999999999915e+01 1.537940000000000040e+01 4.700000000000000000e+01 7.772130000000000000e+16
