# M_low [Msun/h] M_high[Msun/h] Number M_total[Msun/h]
1.287409000000000070e+01 1.308488000000000007e+01 2.012240000000000000e+05 1.890666000000000000e+18
1.308488000000000007e+01 1.329565999999999981e+01 1.120360000000000000e+05 1.707734000000000000e+18
1.329565999999999981e+01 1.350643999999999956e+01 5.915500000000000000e+04 1.462430000000000000e+18
1.350643999999999956e+01 1.371723000000000070e+01 2.916500000000000000e+04 1.167902000000000000e+18
1.371723000000000070e+01 1.392801000000000045e+01 1.307500000000000000e+04 8.473284000000000000e+17
1.392801000000000045e+01 1.413879000000000019e+01 5.171000000000000000e+03 5.393294000000000000e+17
1.413879000000000019e+01 1.434957999999999956e+01 1.690000000000000000e+03 2.838358000000000000e+17
1.434957999999999956e+01 1.456035999999999930e+01 4.340000000000000000e+02 1.175097000000000000e+17
1.456035999999999930e+01 1.477114000000000082e+01 7.400000000000000000e+01 3.163133000000000000e+16
1.477114000000000082e+01 1.498193000000000019e+01 1.000000000000000000e+01 7.345730000000000000e+15
