# M_low [Msun/h] M_high[Msun/h] Number M_total[Msun/h]
1.287409000000000070e+01 1.307246999999999915e+01 1.697690000000000000e+05 1.573856000000000000e+18
1.307246999999999915e+01 1.327084999999999937e+01 9.503600000000000000e+04 1.388748000000000000e+18
1.327084999999999937e+01 1.346922999999999959e+01 5.062400000000000000e+04 1.167048000000000000e+18
1.346922999999999959e+01 1.366761999999999944e+01 2.499400000000000000e+04 9.073751000000000000e+17
1.366761999999999944e+01 1.386599999999999966e+01 1.134200000000000000e+04 6.466301000000000000e+17
1.386599999999999966e+01 1.406437999999999988e+01 4.534000000000000000e+03 4.049133000000000000e+17
1.406437999999999988e+01 1.426276000000000010e+01 1.584000000000000000e+03 2.224824000000000000e+17
1.426276000000000010e+01 1.446114000000000033e+01 4.070000000000000000e+02 8.984439000000000000e+16
1.446114000000000033e+01 1.465952000000000055e+01 7.900000000000000000e+01 2.749671000000000000e+16
1.465952000000000055e+01 1.485790000000000077e+01 1.200000000000000000e+01 6.785760000000000000e+15
