# M_low [Msun/h] M_high[Msun/h] Number M_total[Msun/h]
1.287409000000000070e+01 1.309673000000000087e+01 2.338830000000000000e+05 2.226921000000000000e+18
1.309673000000000087e+01 1.331938000000000066e+01 1.298160000000000000e+05 2.062122000000000000e+18
1.331938000000000066e+01 1.354202000000000083e+01 6.852600000000000000e+04 1.814718000000000000e+18
1.354202000000000083e+01 1.376465999999999923e+01 3.352000000000000000e+04 1.478361000000000000e+18
1.376465999999999923e+01 1.398729999999999940e+01 1.494800000000000000e+04 1.096493000000000000e+18
1.398729999999999940e+01 1.420993999999999957e+01 5.860000000000000000e+03 7.100860000000000000e+17
1.420993999999999957e+01 1.443257999999999974e+01 1.901000000000000000e+03 3.800921000000000000e+17
1.443257999999999974e+01 1.465522999999999954e+01 4.760000000000000000e+02 1.595200000000000000e+17
1.465522999999999954e+01 1.487786999999999971e+01 6.600000000000000000e+01 3.596717000000000000e+16
1.487786999999999971e+01 1.510050999999999988e+01 8.000000000000000000e+00 7.066130000000000000e+15
