# M_low [Msun/h] M_high[Msun/h] Number M_total[Msun/h]
1.287409000000000070e+01 1.311228999999999978e+01 3.135240000000000000e+05 3.048957000000000000e+18
1.311228999999999978e+01 1.335047999999999924e+01 1.788720000000000000e+05 3.008304000000000000e+18
1.335047999999999924e+01 1.358867000000000047e+01 1.007550000000000000e+05 2.925507000000000000e+18
1.358867000000000047e+01 1.382685999999999993e+01 5.274500000000000000e+04 2.640040000000000000e+18
1.382685999999999993e+01 1.406506000000000078e+01 2.652100000000000000e+04 2.292268000000000000e+18
1.406506000000000078e+01 1.430325000000000024e+01 1.168700000000000000e+04 1.734113000000000000e+18
1.430325000000000024e+01 1.454143999999999970e+01 4.494000000000000000e+03 1.150316000000000000e+18
1.454143999999999970e+01 1.477962999999999916e+01 1.381000000000000000e+03 6.004275000000000000e+17
1.477962999999999916e+01 1.501783000000000001e+01 3.180000000000000000e+02 2.361994000000000000e+17
1.501783000000000001e+01 1.525601999999999947e+01 5.300000000000000000e+01 6.745860000000000000e+16
