# M_low [Msun/h] M_high[Msun/h] Number M_total[Msun/h]
1.287409000000000070e+01 1.310712999999999973e+01 2.891500000000000000e+05 2.792344000000000000e+18
1.310712999999999973e+01 1.334015999999999913e+01 1.626940000000000000e+05 2.686173000000000000e+18
1.334015999999999913e+01 1.357319000000000031e+01 9.045500000000000000e+04 2.545985000000000000e+18
1.357319000000000031e+01 1.380621999999999971e+01 4.623300000000000000e+04 2.219496000000000000e+18
1.380621999999999971e+01 1.403926000000000052e+01 2.254000000000000000e+04 1.842303000000000000e+18
1.403926000000000052e+01 1.427228999999999992e+01 9.325000000000000000e+03 1.296151000000000000e+18
1.427228999999999992e+01 1.450531999999999933e+01 3.523000000000000000e+03 8.354194000000000000e+17
1.450531999999999933e+01 1.473835000000000051e+01 9.770000000000000000e+02 3.896669000000000000e+17
1.473835000000000051e+01 1.497138999999999953e+01 2.030000000000000000e+02 1.355479000000000000e+17
1.497138999999999953e+01 1.520442000000000071e+01 3.000000000000000000e+01 3.455612000000000000e+16
