# M_low [Msun/h] M_high[Msun/h] Number M_total[Msun/h]
1.287409000000000070e+01 1.301849999999999952e+01 3.845800000000000000e+04 3.351292000000000000e+17
1.301849999999999952e+01 1.316291999999999973e+01 2.104600000000000000e+04 2.558230000000000000e+17
1.316291999999999973e+01 1.330733000000000033e+01 1.091800000000000000e+04 1.848311000000000000e+17
1.330733000000000033e+01 1.345173999999999914e+01 5.206000000000000000e+03 1.225232000000000000e+17
1.345173999999999914e+01 1.359614999999999974e+01 2.329000000000000000e+03 7.630261000000000000e+16
1.359614999999999974e+01 1.374056000000000033e+01 9.480000000000000000e+02 4.305643000000000000e+16
1.374056000000000033e+01 1.388496999999999915e+01 3.060000000000000000e+02 1.935291000000000000e+16
1.388496999999999915e+01 1.402938999999999936e+01 1.080000000000000000e+02 9.632704000000000000e+15
1.402938999999999936e+01 1.417379999999999995e+01 2.900000000000000000e+01 3.525950000000000000e+15
1.417379999999999995e+01 1.431821000000000055e+01 4.000000000000000000e+00 6.534300000000000000e+14
