# M_low [Msun/h] M_high[Msun/h] Number M_total[Msun/h]
1.287409000000000070e+01 1.310079999999999956e+01 2.611940000000000000e+05 2.503735000000000000e+18
1.310079999999999956e+01 1.332750000000000057e+01 1.463670000000000000e+05 2.364948000000000000e+18
1.332750000000000057e+01 1.355420999999999943e+01 7.944500000000000000e+04 2.156709000000000000e+18
1.355420999999999943e+01 1.378091000000000044e+01 4.016600000000000000e+04 1.831974000000000000e+18
1.378091000000000044e+01 1.400760999999999967e+01 1.870100000000000000e+04 1.429873000000000000e+18
1.400760999999999967e+01 1.423432000000000031e+01 7.644000000000000000e+03 9.763052000000000000e+17
1.423432000000000031e+01 1.446101999999999954e+01 2.751000000000000000e+03 5.910916000000000000e+17
1.446101999999999954e+01 1.468773000000000017e+01 7.070000000000000000e+02 2.529765000000000000e+17
1.468773000000000017e+01 1.491442999999999941e+01 1.350000000000000000e+02 7.983377000000000000e+16
1.491442999999999941e+01 1.514114000000000004e+01 1.800000000000000000e+01 1.757925000000000000e+16
