# M_low [Msun/h] M_high[Msun/h] Number M_total[Msun/h]
1.287409000000000070e+01 1.313728000000000051e+01 3.641520000000000000e+05 3.638510000000000000e+18
1.313728000000000051e+01 1.340047999999999995e+01 2.064960000000000000e+05 3.778312000000000000e+18
1.340047999999999995e+01 1.366366999999999976e+01 1.128990000000000000e+05 3.782086000000000000e+18
1.366366999999999976e+01 1.392685999999999957e+01 5.835900000000000000e+04 3.571748000000000000e+18
1.392685999999999957e+01 1.419004999999999939e+01 2.838300000000000000e+04 3.168853000000000000e+18
1.419004999999999939e+01 1.445323999999999920e+01 1.236500000000000000e+04 2.512605000000000000e+18
1.445323999999999920e+01 1.471643000000000079e+01 4.583000000000000000e+03 1.698309000000000000e+18
1.471643000000000079e+01 1.497962000000000060e+01 1.249000000000000000e+03 8.313979000000000000e+17
1.497962000000000060e+01 1.524281000000000041e+01 2.530000000000000000e+02 2.998018000000000000e+17
1.524281000000000041e+01 1.550600000000000023e+01 2.800000000000000000e+01 5.988860000000000000e+16
