# M_low [Msun/h] M_high[Msun/h] Number M_total[Msun/h]
1.282454000000000072e+01 1.308619999999999983e+01 3.584140000000000000e+05 3.188083000000000000e+18
1.308619999999999983e+01 1.334786000000000072e+01 1.982320000000000000e+05 3.220597000000000000e+18
1.334786000000000072e+01 1.360951999999999984e+01 1.059950000000000000e+05 3.132244000000000000e+18
1.360951999999999984e+01 1.387118000000000073e+01 5.329700000000000000e+04 2.869292000000000000e+18
1.387118000000000073e+01 1.413283999999999985e+01 2.507600000000000000e+04 2.454578000000000000e+18
1.413283999999999985e+01 1.439450000000000074e+01 1.025400000000000000e+04 1.817402000000000000e+18
1.439450000000000074e+01 1.465615999999999985e+01 3.501000000000000000e+03 1.120883000000000000e+18
1.465615999999999985e+01 1.491782000000000075e+01 9.470000000000000000e+02 5.428345000000000000e+17
1.491782000000000075e+01 1.517947999999999986e+01 1.520000000000000000e+02 1.578360000000000000e+17
1.517947999999999986e+01 1.544115000000000038e+01 1.600000000000000000e+01 3.047140000000000000e+16
