# M_low [Msun/h] M_high[Msun/h] Number M_total[Msun/h]
1.282454000000000072e+01 1.300982999999999912e+01 1.439270000000000000e+05 1.173654000000000000e+18
1.300982999999999912e+01 1.319510999999999967e+01 8.136000000000000000e+04 1.016645000000000000e+18
1.319510999999999967e+01 1.338039999999999985e+01 4.394600000000000000e+04 8.392695000000000000e+17
1.338039999999999985e+01 1.356568000000000040e+01 2.222400000000000000e+04 6.477410000000000000e+17
1.356568000000000040e+01 1.375097000000000058e+01 1.040600000000000000e+04 4.637079000000000000e+17
1.375097000000000058e+01 1.393624999999999936e+01 4.271000000000000000e+03 2.908303000000000000e+17
1.393624999999999936e+01 1.412152999999999992e+01 1.641000000000000000e+03 1.691549000000000000e+17
1.412152999999999992e+01 1.430682000000000009e+01 4.630000000000000000e+02 7.231412000000000000e+16
1.430682000000000009e+01 1.449210000000000065e+01 1.090000000000000000e+02 2.569670000000000000e+16
1.449210000000000065e+01 1.467739000000000082e+01 2.700000000000000000e+01 9.747590000000000000e+15
