# M_low [Msun/h] M_high[Msun/h] Number M_total[Msun/h]
1.282454000000000072e+01 1.307695999999999970e+01 3.359690000000000000e+05 2.956957000000000000e+18
1.307695999999999970e+01 1.332937000000000083e+01 1.875500000000000000e+05 2.949763000000000000e+18
1.332937000000000083e+01 1.358178000000000019e+01 1.006690000000000000e+05 2.822989000000000000e+18
1.358178000000000019e+01 1.383419999999999916e+01 5.078500000000000000e+04 2.540519000000000000e+18
1.383419999999999916e+01 1.408661000000000030e+01 2.403000000000000000e+04 2.138975000000000000e+18
1.408661000000000030e+01 1.433901999999999965e+01 9.857000000000000000e+03 1.556787000000000000e+18
1.433901999999999965e+01 1.459144000000000041e+01 3.480000000000000000e+03 9.710118000000000000e+17
1.459144000000000041e+01 1.484384999999999977e+01 9.230000000000000000e+02 4.553576000000000000e+17
1.484384999999999977e+01 1.509625999999999912e+01 1.780000000000000000e+02 1.550421000000000000e+17
1.509625999999999912e+01 1.534867000000000026e+01 1.500000000000000000e+01 2.345350000000000000e+16
