# M_low [Msun/h] M_high[Msun/h] Number M_total[Msun/h]
1.282454000000000072e+01 1.303949000000000069e+01 2.353120000000000000e+05 1.986108000000000000e+18
1.303949000000000069e+01 1.325444000000000067e+01 1.326900000000000000e+05 1.838445000000000000e+18
1.325444000000000067e+01 1.346937999999999924e+01 7.218300000000000000e+04 1.634855000000000000e+18
1.346937999999999924e+01 1.368432999999999922e+01 3.720600000000000000e+04 1.377601000000000000e+18
1.368432999999999922e+01 1.389927999999999919e+01 1.739900000000000000e+04 1.054140000000000000e+18
1.389927999999999919e+01 1.411421999999999954e+01 7.427000000000000000e+03 7.336655000000000000e+17
1.411421999999999954e+01 1.432916999999999952e+01 2.728000000000000000e+03 4.379568000000000000e+17
1.432916999999999952e+01 1.454411999999999949e+01 7.350000000000000000e+02 1.926020000000000000e+17
1.454411999999999949e+01 1.475905999999999985e+01 1.780000000000000000e+02 7.554916000000000000e+16
1.475905999999999985e+01 1.497400999999999982e+01 3.000000000000000000e+01 2.032144000000000000e+16
