# M_low [Msun/h] M_high[Msun/h] Number M_total[Msun/h]
1.282454000000000072e+01 1.290377999999999936e+01 2.073000000000000000e+03 1.505168000000000000e+16
1.290377999999999936e+01 1.298301999999999978e+01 1.280000000000000000e+03 1.120200000000000000e+16
1.298301999999999978e+01 1.306226000000000020e+01 6.920000000000000000e+02 7.249917000000000000e+15
1.306226000000000020e+01 1.314150000000000063e+01 4.020000000000000000e+02 5.054279000000000000e+15
1.314150000000000063e+01 1.322073999999999927e+01 2.090000000000000000e+02 3.145844000000000000e+15
1.322073999999999927e+01 1.329997999999999969e+01 1.240000000000000000e+02 2.226213000000000000e+15
1.329997999999999969e+01 1.337922000000000011e+01 6.800000000000000000e+01 1.480660000000000000e+15
1.337922000000000011e+01 1.345846000000000053e+01 2.800000000000000000e+01 7.410800000000000000e+14
1.345846000000000053e+01 1.353769999999999918e+01 9.000000000000000000e+00 2.738000000000000000e+14
1.353769999999999918e+01 1.361693999999999960e+01 5.000000000000000000e+00 1.843690000000000000e+14
