# M_low [Msun/h] M_high[Msun/h] Number M_total[Msun/h]
1.282454000000000072e+01 1.303489000000000075e+01 2.071610000000000000e+05 1.737946000000000000e+18
1.303489000000000075e+01 1.324522999999999939e+01 1.152470000000000000e+05 1.567328000000000000e+18
1.324522999999999939e+01 1.345556999999999981e+01 6.142000000000000000e+04 1.353489000000000000e+18
1.345556999999999981e+01 1.366591000000000022e+01 3.061300000000000000e+04 1.089917000000000000e+18
1.366591000000000022e+01 1.387626000000000026e+01 1.395200000000000000e+04 8.044719000000000000e+17
1.387626000000000026e+01 1.408660000000000068e+01 5.629000000000000000e+03 5.243396000000000000e+17
1.408660000000000068e+01 1.429693999999999932e+01 1.908000000000000000e+03 2.849032000000000000e+17
1.429693999999999932e+01 1.450727999999999973e+01 5.170000000000000000e+02 1.240374000000000000e+17
1.450727999999999973e+01 1.471762999999999977e+01 1.050000000000000000e+02 4.142380000000000000e+16
1.471762999999999977e+01 1.492797000000000018e+01 1.500000000000000000e+01 8.740620000000000000e+15
