# M_low [Msun/h] M_high[Msun/h] Number M_total[Msun/h]
1.282454000000000072e+01 1.305447000000000024e+01 2.714910000000000000e+05 2.328809000000000000e+18
1.305447000000000024e+01 1.328439999999999976e+01 1.515530000000000000e+05 2.207199000000000000e+18
1.328439999999999976e+01 1.351434000000000069e+01 8.152600000000000000e+04 2.010732000000000000e+18
1.351434000000000069e+01 1.374427000000000021e+01 4.131200000000000000e+04 1.725306000000000000e+18
1.374427000000000021e+01 1.397419999999999973e+01 1.898700000000000000e+04 1.340199000000000000e+18
1.397419999999999973e+01 1.420412999999999926e+01 7.823000000000000000e+03 9.325931000000000000e+17
1.420412999999999926e+01 1.443406000000000056e+01 2.800000000000000000e+03 5.577992000000000000e+17
1.443406000000000056e+01 1.466399000000000008e+01 7.130000000000000000e+02 2.397153000000000000e+17
1.466399000000000008e+01 1.489391999999999960e+01 1.640000000000000000e+02 9.188736000000000000e+16
1.489391999999999960e+01 1.512384999999999913e+01 2.100000000000000000e+01 1.909353000000000000e+16
