# M_low [Msun/h] M_high[Msun/h] Number M_total[Msun/h]
1.282454000000000072e+01 1.306584999999999930e+01 3.043820000000000000e+05 2.645234000000000000e+18
1.306584999999999930e+01 1.330715999999999966e+01 1.699970000000000000e+05 2.572934000000000000e+18
1.330715999999999966e+01 1.354847000000000001e+01 9.108700000000000000e+04 2.397723000000000000e+18
1.354847000000000001e+01 1.378978000000000037e+01 4.625800000000000000e+04 2.115872000000000000e+18
1.378978000000000037e+01 1.403109000000000073e+01 2.157500000000000000e+04 1.712575000000000000e+18
1.403109000000000073e+01 1.427239999999999931e+01 8.739000000000000000e+03 1.201557000000000000e+18
1.427239999999999931e+01 1.451370999999999967e+01 3.119000000000000000e+03 7.360234000000000000e+17
1.451370999999999967e+01 1.475502000000000002e+01 8.350000000000000000e+02 3.390156000000000000e+17
1.475502000000000002e+01 1.499633000000000038e+01 1.770000000000000000e+02 1.241116000000000000e+17
1.499633000000000038e+01 1.523764000000000074e+01 1.700000000000000000e+01 1.979938000000000000e+16
