# M_low [Msun/h] M_high[Msun/h] Number M_total[Msun/h]
1.282454000000000072e+01 1.302277999999999913e+01 1.751600000000000000e+05 1.448310000000000000e+18
1.302277999999999913e+01 1.322100999999999971e+01 9.766300000000000000e+04 1.275064000000000000e+18
1.322100999999999971e+01 1.341924999999999990e+01 5.229400000000000000e+04 1.075796000000000000e+18
1.341924999999999990e+01 1.361749000000000009e+01 2.617500000000000000e+04 8.452684000000000000e+17
1.361749000000000009e+01 1.381572000000000067e+01 1.201600000000000000e+04 6.108622000000000000e+17
1.381572000000000067e+01 1.401396000000000086e+01 4.910000000000000000e+03 3.932071000000000000e+17
1.401396000000000086e+01 1.421219999999999928e+01 1.744000000000000000e+03 2.189330000000000000e+17
1.421219999999999928e+01 1.441042999999999985e+01 4.540000000000000000e+02 8.896766000000000000e+16
1.441042999999999985e+01 1.460867000000000004e+01 1.110000000000000000e+02 3.398715000000000000e+16
1.460867000000000004e+01 1.480691000000000024e+01 1.800000000000000000e+01 8.289780000000000000e+15
