# M_low [Msun/h] M_high[Msun/h] Number M_total[Msun/h]
1.282454000000000072e+01 1.295780000000000065e+01 2.752600000000000000e+04 2.114156000000000000e+17
1.295780000000000065e+01 1.309104999999999919e+01 1.526400000000000000e+04 1.594100000000000000e+17
1.309104999999999919e+01 1.322430999999999912e+01 8.075000000000000000e+03 1.148312000000000000e+17
1.322430999999999912e+01 1.335755999999999943e+01 3.943000000000000000e+03 7.609243000000000000e+16
1.335755999999999943e+01 1.349081999999999937e+01 1.777000000000000000e+03 4.639107000000000000e+16
1.349081999999999937e+01 1.362406999999999968e+01 7.370000000000000000e+02 2.598649000000000000e+16
1.362406999999999968e+01 1.375732999999999961e+01 2.780000000000000000e+02 1.328417000000000000e+16
1.375732999999999961e+01 1.389057999999999993e+01 8.200000000000000000e+01 5.349501000000000000e+15
1.389057999999999993e+01 1.402383999999999986e+01 2.000000000000000000e+01 1.771411000000000000e+15
1.402383999999999986e+01 1.415709000000000017e+01 6.000000000000000000e+00 6.848300000000000000e+14
