# M_low [Msun/h] M_high[Msun/h] Number M_total[Msun/h]
1.287073999999999963e+01 1.297959999999999958e+01 5.186000000000000000e+03 4.314322000000000000e+16
1.297959999999999958e+01 1.308846999999999916e+01 2.631000000000000000e+03 2.812966000000000000e+16
1.308846999999999916e+01 1.319734000000000052e+01 1.291000000000000000e+03 1.773689000000000000e+16
1.319734000000000052e+01 1.330620000000000047e+01 5.940000000000000000e+02 1.049638000000000000e+16
1.330620000000000047e+01 1.341507000000000005e+01 2.720000000000000000e+02 6.139468000000000000e+15
1.341507000000000005e+01 1.352393999999999963e+01 1.170000000000000000e+02 3.399376000000000000e+15
1.352393999999999963e+01 1.363279999999999959e+01 3.600000000000000000e+01 1.336029000000000000e+15
1.363279999999999959e+01 1.374166999999999916e+01 1.000000000000000000e+01 4.676690000000000000e+14
1.374166999999999916e+01 1.385054000000000052e+01 4.000000000000000000e+00 2.493180000000000000e+14
1.385054000000000052e+01 1.395940000000000047e+01 3.000000000000000000e+00 2.495410000000000000e+14
