# M_low [Msun/h] M_high[Msun/h] Number M_total[Msun/h]
1.287073999999999963e+01 1.309970999999999997e+01 2.734020000000000000e+05 2.603375000000000000e+18
1.309970999999999997e+01 1.332868000000000031e+01 1.524300000000000000e+05 2.459108000000000000e+18
1.332868000000000031e+01 1.355765000000000065e+01 8.146900000000000000e+04 2.221129000000000000e+18
1.355765000000000065e+01 1.378661999999999921e+01 4.043300000000000000e+04 1.860570000000000000e+18
1.378661999999999921e+01 1.401558999999999955e+01 1.833900000000000000e+04 1.421308000000000000e+18
1.401558999999999955e+01 1.424455999999999989e+01 7.293000000000000000e+03 9.545569000000000000e+17
1.424455999999999989e+01 1.447353000000000023e+01 2.379000000000000000e+03 5.211677000000000000e+17
1.447353000000000023e+01 1.470250000000000057e+01 6.250000000000000000e+02 2.298578000000000000e+17
1.470250000000000057e+01 1.493146999999999913e+01 1.100000000000000000e+02 6.667379000000000000e+16
1.493146999999999913e+01 1.516043999999999947e+01 6.000000000000000000e+00 5.758570000000000000e+15
