# M_low [Msun/h] M_high[Msun/h] Number M_total[Msun/h]
1.287073999999999963e+01 1.308432999999999957e+01 2.382670000000000000e+05 2.232484000000000000e+18
1.308432999999999957e+01 1.329791999999999952e+01 1.331780000000000000e+05 2.041318000000000000e+18
1.329791999999999952e+01 1.351150999999999947e+01 7.254600000000000000e+04 1.810282000000000000e+18
1.351150999999999947e+01 1.372509999999999941e+01 3.675400000000000000e+04 1.494223000000000000e+18
1.372509999999999941e+01 1.393868999999999936e+01 1.697200000000000000e+04 1.124969000000000000e+18
1.393868999999999936e+01 1.415227999999999930e+01 6.927000000000000000e+03 7.484438000000000000e+17
1.415227999999999930e+01 1.436586999999999925e+01 2.411000000000000000e+03 4.229666000000000000e+17
1.436586999999999925e+01 1.457945999999999920e+01 6.900000000000000000e+02 1.957792000000000000e+17
1.457945999999999920e+01 1.479304999999999914e+01 1.310000000000000000e+02 5.991040000000000000e+16
1.479304999999999914e+01 1.500664000000000087e+01 1.300000000000000000e+01 8.863780000000000000e+15
