# M_low [Msun/h] M_high[Msun/h] Number M_total[Msun/h]
1.287073999999999963e+01 1.312585999999999942e+01 3.700990000000000000e+05 3.634469000000000000e+18
1.312585999999999942e+01 1.338096999999999959e+01 2.125020000000000000e+05 3.754937000000000000e+18
1.338096999999999959e+01 1.363608999999999938e+01 1.181320000000000000e+05 3.753373000000000000e+18
1.363608999999999938e+01 1.389120999999999917e+01 6.215000000000000000e+04 3.538050000000000000e+18
1.389120999999999917e+01 1.414633000000000074e+01 3.092700000000000000e+04 3.160878000000000000e+18
1.414633000000000074e+01 1.440143999999999913e+01 1.357000000000000000e+04 2.478321000000000000e+18
1.440143999999999913e+01 1.465656000000000070e+01 5.153000000000000000e+03 1.678097000000000000e+18
1.465656000000000070e+01 1.491168000000000049e+01 1.585000000000000000e+03 9.101503000000000000e+17
1.491168000000000049e+01 1.516680000000000028e+01 3.770000000000000000e+02 3.799337000000000000e+17
1.516680000000000028e+01 1.542192000000000007e+01 3.500000000000000000e+01 6.170550000000000000e+16
