# M_low [Msun/h] M_high[Msun/h] Number M_total[Msun/h]
1.287073999999999963e+01 1.312257999999999925e+01 3.396540000000000000e+05 3.322823000000000000e+18
1.312257999999999925e+01 1.337443000000000026e+01 1.871510000000000000e+05 3.266965000000000000e+18
1.337443000000000026e+01 1.362626999999999988e+01 1.002170000000000000e+05 3.115133000000000000e+18
1.362626999999999988e+01 1.387811999999999912e+01 4.998300000000000000e+04 2.764810000000000000e+18
1.387811999999999912e+01 1.412996000000000052e+01 2.281800000000000000e+04 2.242145000000000000e+18
1.412996000000000052e+01 1.438180999999999976e+01 9.132000000000000000e+03 1.590597000000000000e+18
1.438180999999999976e+01 1.463364999999999938e+01 2.968000000000000000e+03 9.126890000000000000e+17
1.463364999999999938e+01 1.488549000000000078e+01 7.840000000000000000e+02 4.238609000000000000e+17
1.488549000000000078e+01 1.513734000000000002e+01 1.240000000000000000e+02 1.144167000000000000e+17
1.513734000000000002e+01 1.538917999999999964e+01 6.000000000000000000e+00 9.600600000000000000e+15
