# M_low [Msun/h] M_high[Msun/h] Number M_total[Msun/h]
1.287073999999999963e+01 1.306039999999999957e+01 1.730540000000000000e+05 1.577427000000000000e+18
1.306039999999999957e+01 1.325005999999999950e+01 9.991000000000000000e+04 1.410545000000000000e+18
1.325005999999999950e+01 1.343973000000000084e+01 5.373900000000000000e+04 1.172781000000000000e+18
1.343973000000000084e+01 1.362939000000000078e+01 2.755700000000000000e+04 9.263215000000000000e+17
1.362939000000000078e+01 1.381905000000000072e+01 1.307600000000000000e+04 6.787060000000000000e+17
1.381905000000000072e+01 1.400872000000000028e+01 5.516000000000000000e+03 4.423554000000000000e+17
1.400872000000000028e+01 1.419838000000000022e+01 1.983000000000000000e+03 2.426996000000000000e+17
1.419838000000000022e+01 1.438804000000000016e+01 6.180000000000000000e+02 1.163524000000000000e+17
1.438804000000000016e+01 1.457770999999999972e+01 1.490000000000000000e+02 4.273041000000000000e+16
1.457770999999999972e+01 1.476736999999999966e+01 2.800000000000000000e+01 1.196425000000000000e+16
