# M_low [Msun/h] M_high[Msun/h] Number M_total[Msun/h]
1.287073999999999963e+01 1.306697999999999915e+01 2.006580000000000000e+05 1.844444000000000000e+18
1.306697999999999915e+01 1.326323000000000008e+01 1.153410000000000000e+05 1.666359000000000000e+18
1.326323000000000008e+01 1.345947999999999922e+01 6.416400000000000000e+04 1.452238000000000000e+18
1.345947999999999922e+01 1.365572000000000052e+01 3.321300000000000000e+04 1.177740000000000000e+18
1.365572000000000052e+01 1.385196999999999967e+01 1.604300000000000000e+04 8.921445000000000000e+17
1.385196999999999967e+01 1.404822000000000060e+01 6.820000000000000000e+03 5.936874000000000000e+17
1.404822000000000060e+01 1.424446000000000012e+01 2.619000000000000000e+03 3.558661000000000000e+17
1.424446000000000012e+01 1.444070999999999927e+01 7.920000000000000000e+02 1.671921000000000000e+17
1.444070999999999927e+01 1.463696000000000019e+01 2.080000000000000000e+02 6.765074000000000000e+16
1.463696000000000019e+01 1.483319999999999972e+01 3.400000000000000000e+01 1.693011000000000000e+16
