# M_low [Msun/h] M_high[Msun/h] Number M_total[Msun/h]
1.287073999999999963e+01 1.311744999999999983e+01 3.123890000000000000e+05 3.032345000000000000e+18
1.311744999999999983e+01 1.336416999999999966e+01 1.709300000000000000e+05 2.924013000000000000e+18
1.336416999999999966e+01 1.361087999999999987e+01 8.962200000000000000e+04 2.701668000000000000e+18
1.361087999999999987e+01 1.385759000000000007e+01 4.338400000000000000e+04 2.298413000000000000e+18
1.385759000000000007e+01 1.410430999999999990e+01 1.914700000000000000e+04 1.779032000000000000e+18
1.410430999999999990e+01 1.435102000000000011e+01 7.291000000000000000e+03 1.187353000000000000e+18
1.435102000000000011e+01 1.459773999999999994e+01 2.213000000000000000e+03 6.288176000000000000e+17
1.459773999999999994e+01 1.484445000000000014e+01 5.170000000000000000e+02 2.538447000000000000e+17
1.484445000000000014e+01 1.509116000000000035e+01 7.200000000000000000e+01 5.960130000000000000e+16
1.509116000000000035e+01 1.533788000000000018e+01 4.000000000000000000e+00 5.574600000000000000e+15
