# M_low [Msun/h] M_high[Msun/h] Number M_total[Msun/h]
1.287073999999999963e+01 1.312280999999999942e+01 3.574920000000000000e+05 3.500190000000000000e+18
1.312280999999999942e+01 1.337489000000000061e+01 2.026410000000000000e+05 3.544066000000000000e+18
1.337489000000000061e+01 1.362696000000000041e+01 1.114160000000000000e+05 3.473295000000000000e+18
1.362696000000000041e+01 1.387903999999999982e+01 5.804400000000000000e+04 3.220486000000000000e+18
1.387903999999999982e+01 1.413110999999999962e+01 2.810300000000000000e+04 2.775614000000000000e+18
1.413110999999999962e+01 1.438317999999999941e+01 1.210500000000000000e+04 2.126668000000000000e+18
1.438317999999999941e+01 1.463526000000000060e+01 4.339000000000000000e+03 1.345685000000000000e+18
1.463526000000000060e+01 1.488733000000000040e+01 1.294000000000000000e+03 7.046746000000000000e+17
1.488733000000000040e+01 1.513940999999999981e+01 2.850000000000000000e+02 2.694248000000000000e+17
1.513940999999999981e+01 1.539147999999999961e+01 2.200000000000000000e+01 3.643250000000000000e+16
