# M_low [Msun/h] M_high[Msun/h] Number M_total[Msun/h]
1.287073999999999963e+01 1.301797000000000004e+01 4.355400000000000000e+04 3.776975000000000000e+17
1.301797000000000004e+01 1.316520000000000046e+01 2.322300000000000000e+04 2.823422000000000000e+17
1.316520000000000046e+01 1.331243000000000087e+01 1.181900000000000000e+04 2.015459000000000000e+17
1.331243000000000087e+01 1.345965999999999951e+01 5.444000000000000000e+03 1.300006000000000000e+17
1.345965999999999951e+01 1.360689999999999955e+01 2.326000000000000000e+03 7.766631000000000000e+16
1.360689999999999955e+01 1.375412999999999997e+01 9.070000000000000000e+02 4.258300000000000000e+16
1.375412999999999997e+01 1.390136000000000038e+01 3.070000000000000000e+02 2.012044000000000000e+16
1.390136000000000038e+01 1.404859000000000080e+01 9.400000000000000000e+01 8.505666000000000000e+15
1.404859000000000080e+01 1.419581999999999944e+01 2.000000000000000000e+01 2.544800000000000000e+15
1.419581999999999944e+01 1.434304999999999986e+01 2.000000000000000000e+00 4.043600000000000000e+14
