# M_low [Msun/h] M_high[Msun/h] Number M_total[Msun/h]
1.291700999999999944e+01 1.312429999999999986e+01 1.975240000000000000e+05 2.042620000000000000e+18
1.312429999999999986e+01 1.333159000000000027e+01 1.091850000000000000e+05 1.819388000000000000e+18
1.333159000000000027e+01 1.353889000000000031e+01 5.823700000000000000e+04 1.558890000000000000e+18
1.353889000000000031e+01 1.374618000000000073e+01 2.821100000000000000e+04 1.216063000000000000e+18
1.374618000000000073e+01 1.395346999999999937e+01 1.275200000000000000e+04 8.793911000000000000e+17
1.395346999999999937e+01 1.416075999999999979e+01 5.079000000000000000e+03 5.624467000000000000e+17
1.416075999999999979e+01 1.436805000000000021e+01 1.583000000000000000e+03 2.797151000000000000e+17
1.436805000000000021e+01 1.457534000000000063e+01 4.540000000000000000e+02 1.282339000000000000e+17
1.457534000000000063e+01 1.478262999999999927e+01 7.600000000000000000e+01 3.350060000000000000e+16
1.478262999999999927e+01 1.498992999999999931e+01 1.000000000000000000e+01 6.929300000000000000e+15
