# M_low [Msun/h] M_high[Msun/h] Number M_total[Msun/h]
1.291700999999999944e+01 1.311257999999999946e+01 1.645450000000000000e+05 1.678225000000000000e+18
1.311257999999999946e+01 1.330814999999999948e+01 9.194600000000000000e+04 1.470817000000000000e+18
1.330814999999999948e+01 1.350372999999999912e+01 4.842800000000000000e+04 1.213210000000000000e+18
1.350372999999999912e+01 1.369929999999999914e+01 2.384200000000000000e+04 9.350819000000000000e+17
1.369929999999999914e+01 1.389486999999999917e+01 1.072400000000000000e+04 6.551854000000000000e+17
1.389486999999999917e+01 1.409043999999999919e+01 4.337000000000000000e+03 4.132308000000000000e+17
1.409043999999999919e+01 1.428600999999999921e+01 1.384000000000000000e+03 2.066922000000000000e+17
1.428600999999999921e+01 1.448157999999999923e+01 3.880000000000000000e+02 8.990393000000000000e+16
1.448157999999999923e+01 1.467716000000000065e+01 8.400000000000000000e+01 2.938725000000000000e+16
1.467716000000000065e+01 1.487273000000000067e+01 8.000000000000000000e+00 4.293690000000000000e+15
