# M_low [Msun/h] M_high[Msun/h] Number M_total[Msun/h]
1.291700999999999944e+01 1.315372999999999948e+01 2.721940000000000000e+05 2.905640000000000000e+18
1.315372999999999948e+01 1.339044999999999952e+01 1.483680000000000000e+05 2.728888000000000000e+18
1.339044999999999952e+01 1.362715999999999994e+01 7.770900000000000000e+04 2.460291000000000000e+18
1.362715999999999994e+01 1.386387999999999998e+01 3.679500000000000000e+04 2.002372000000000000e+18
1.386387999999999998e+01 1.410060000000000002e+01 1.623000000000000000e+04 1.513930000000000000e+18
1.410060000000000002e+01 1.433731000000000044e+01 6.049000000000000000e+03 9.679105000000000000e+17
1.433731000000000044e+01 1.457403000000000048e+01 1.824000000000000000e+03 4.982595000000000000e+17
1.457403000000000048e+01 1.481075000000000053e+01 4.310000000000000000e+02 2.004725000000000000e+17
1.481075000000000053e+01 1.504747000000000057e+01 5.000000000000000000e+01 3.901890000000000000e+16
1.504747000000000057e+01 1.528417999999999921e+01 4.000000000000000000e+00 4.945900000000000000e+15
