# M_low [Msun/h] M_high[Msun/h] Number M_total[Msun/h]
1.291700999999999944e+01 1.309666999999999959e+01 1.328200000000000000e+05 1.331449000000000000e+18
1.309666999999999959e+01 1.327632999999999974e+01 7.524600000000000000e+04 1.141098000000000000e+18
1.327632999999999974e+01 1.345599999999999952e+01 4.046900000000000000e+04 9.265116000000000000e+17
1.345599999999999952e+01 1.363565999999999967e+01 2.045000000000000000e+04 7.062116000000000000e+17
1.363565999999999967e+01 1.381531999999999982e+01 9.595000000000000000e+03 4.995787000000000000e+17
1.381531999999999982e+01 1.399497999999999998e+01 3.938000000000000000e+03 3.081147000000000000e+17
1.399497999999999998e+01 1.417464000000000013e+01 1.428000000000000000e+03 1.674476000000000000e+17
1.417464000000000013e+01 1.435430000000000028e+01 4.360000000000000000e+02 7.794233000000000000e+16
1.435430000000000028e+01 1.453396000000000043e+01 1.070000000000000000e+02 2.853229000000000000e+16
1.453396000000000043e+01 1.471362000000000059e+01 1.600000000000000000e+01 6.351280000000000000e+15
