# M_low [Msun/h] M_high[Msun/h] Number M_total[Msun/h]
1.291700999999999944e+01 1.316712000000000060e+01 3.101580000000000000e+05 3.361287000000000000e+18
1.316712000000000060e+01 1.341722999999999999e+01 1.681070000000000000e+05 3.237660000000000000e+18
1.341722999999999999e+01 1.366732999999999976e+01 8.737900000000000000e+04 2.987684000000000000e+18
1.366732999999999976e+01 1.391743999999999915e+01 4.167500000000000000e+04 2.524475000000000000e+18
1.391743999999999915e+01 1.416755000000000031e+01 1.835200000000000000e+04 1.965394000000000000e+18
1.416755000000000031e+01 1.441765999999999970e+01 6.789000000000000000e+03 1.283783000000000000e+18
1.441765999999999970e+01 1.466775999999999947e+01 2.020000000000000000e+03 6.708359000000000000e+17
1.466775999999999947e+01 1.491787000000000063e+01 4.670000000000000000e+02 2.732795000000000000e+17
1.491787000000000063e+01 1.516798000000000002e+01 5.700000000000000000e+01 5.662443000000000000e+16
1.516798000000000002e+01 1.541808999999999941e+01 1.000000000000000000e+00 1.883900000000000000e+15
