# M_low [Msun/h] M_high[Msun/h] Number M_total[Msun/h]
1.291700999999999944e+01 1.313907000000000025e+01 2.343910000000000000e+05 2.462552000000000000e+18
1.313907000000000025e+01 1.336114000000000068e+01 1.287810000000000000e+05 2.256263000000000000e+18
1.336114000000000068e+01 1.358319999999999972e+01 6.757200000000000000e+04 1.970552000000000000e+18
1.358319999999999972e+01 1.380526000000000053e+01 3.231500000000000000e+04 1.565666000000000000e+18
1.380526000000000053e+01 1.402732999999999919e+01 1.442100000000000000e+04 1.158616000000000000e+18
1.402732999999999919e+01 1.424939000000000000e+01 5.581000000000000000e+03 7.430582000000000000e+17
1.424939000000000000e+01 1.447145000000000081e+01 1.703000000000000000e+03 3.757301000000000000e+17
1.447145000000000081e+01 1.469350999999999985e+01 4.290000000000000000e+02 1.559371000000000000e+17
1.469350999999999985e+01 1.491558000000000028e+01 6.100000000000000000e+01 3.577576000000000000e+16
1.491558000000000028e+01 1.513763999999999932e+01 4.000000000000000000e+00 3.894090000000000000e+15
