# M_low [Msun/h] M_high[Msun/h] Number M_total[Msun/h]
1.291700999999999944e+01 1.300231999999999921e+01 1.616000000000000000e+03 1.460873000000000000e+16
1.300231999999999921e+01 1.308763000000000076e+01 8.620000000000000000e+02 9.491672000000000000e+15
1.308763000000000076e+01 1.317294000000000054e+01 4.660000000000000000e+02 6.245900000000000000e+15
1.317294000000000054e+01 1.325825000000000031e+01 2.300000000000000000e+02 3.731566000000000000e+15
1.325825000000000031e+01 1.334356000000000009e+01 1.180000000000000000e+02 2.342997000000000000e+15
1.334356000000000009e+01 1.342886000000000024e+01 4.900000000000000000e+01 1.179656000000000000e+15
1.342886000000000024e+01 1.351417000000000002e+01 2.200000000000000000e+01 6.423050000000000000e+14
1.351417000000000002e+01 1.359947999999999979e+01 1.000000000000000000e+01 3.703660000000000000e+14
1.359947999999999979e+01 1.368478999999999957e+01 3.000000000000000000e+00 1.298560000000000000e+14
1.368478999999999957e+01 1.377009999999999934e+01 1.000000000000000000e+00 5.047200000000000000e+13
