# M_low [Msun/h] M_high[Msun/h] Number M_total[Msun/h]
1.291700999999999944e+01 1.317280000000000051e+01 3.395740000000000000e+05 3.710015000000000000e+18
1.317280000000000051e+01 1.342859999999999943e+01 1.860420000000000000e+05 3.658751000000000000e+18
1.342859999999999943e+01 1.368439000000000050e+01 9.853900000000000000e+04 3.483932000000000000e+18
1.368439000000000050e+01 1.394017999999999979e+01 4.884900000000000000e+04 3.099354000000000000e+18
1.394017999999999979e+01 1.419597000000000087e+01 2.204400000000000000e+04 2.502400000000000000e+18
1.419597000000000087e+01 1.445176000000000016e+01 8.820000000000000000e+03 1.794190000000000000e+18
1.445176000000000016e+01 1.470754999999999946e+01 2.839000000000000000e+03 1.028801000000000000e+18
1.470754999999999946e+01 1.496335000000000015e+01 6.670000000000000000e+02 4.298261000000000000e+17
1.496335000000000015e+01 1.521913999999999945e+01 1.120000000000000000e+02 1.197348000000000000e+17
1.521913999999999945e+01 1.547493000000000052e+01 9.000000000000000000e+00 1.750000000000000000e+16
