2.519897000000000000e+06 1.305000000000000000e+06 8.336604000000000233e+05 5.259475999999999767e+05 2.825167000000000116e+05 1.276863999999999942e+05 5.112863999999999942e+04 1.529734000000000015e+04 3.154014999999999873e+03 2.723926999999999907e+02
1.305000000000000000e+06 9.786293000000000466e+05 5.075414000000000233e+05 3.146562999999999884e+05 1.778677999999999884e+05 8.202533999999999651e+04 3.209783000000000175e+04 9.509083000000000538e+03 2.005387999999999920e+03 7.059232000000000085e+01
8.336604000000000233e+05 5.075414000000000233e+05 4.199852000000000116e+05 2.019050000000000000e+05 1.169881999999999971e+05 5.112570999999999913e+04 2.086711000000000058e+04 6.184753999999999905e+03 1.141359999999999900e+03 8.570143000000000200e+01
5.259475999999999767e+05 3.146562999999999884e+05 2.019050000000000000e+05 1.709851000000000058e+05 7.008741000000000349e+04 3.255793000000000029e+04 1.288289999999999964e+04 4.174559000000000196e+03 8.805579999999999927e+02 1.390541000000000054e+02
2.825167000000000116e+05 1.778677999999999884e+05 1.169881999999999971e+05 7.008741000000000349e+04 6.392537000000000262e+04 1.930288000000000102e+04 7.529007999999999811e+03 2.311001000000000204e+03 4.100724999999999909e+02 3.943064999999999998e+01
1.276863999999999942e+05 8.202533999999999651e+04 5.112570999999999913e+04 3.255793000000000029e+04 1.930288000000000102e+04 1.859731999999999971e+04 3.555829999999999927e+03 1.248440000000000055e+03 2.671023000000000138e+02 7.945388999999999591e+00
5.112863999999999942e+04 3.209783000000000175e+04 2.086711000000000058e+04 1.288289999999999964e+04 7.529007999999999811e+03 3.555829999999999927e+03 4.188770000000000437e+03 4.017509000000000015e+02 7.083014000000000010e+01 -2.898623999999999867e+00
1.529734000000000015e+04 9.509083000000000538e+03 6.184753999999999905e+03 4.174559000000000196e+03 2.311001000000000204e+03 1.248440000000000055e+03 4.017509000000000015e+02 7.885330999999999904e+02 3.602324999999999733e+01 5.265087000000000295e+00
3.154014999999999873e+03 2.005387999999999920e+03 1.141359999999999900e+03 8.805579999999999927e+02 4.100724999999999909e+02 2.671023000000000138e+02 7.083014000000000010e+01 3.602324999999999733e+01 1.052938999999999936e+02 4.023375999999999841e+00
2.723926999999999907e+02 7.059232000000000085e+01 8.570143000000000200e+01 1.390541000000000054e+02 3.943064999999999998e+01 7.945388999999999591e+00 -2.898623999999999867e+00 5.265087000000000295e+00 4.023375999999999841e+00 1.082061999999999991e+01
