2.021544000000000096e+03 2.298626999999999896e+02 8.901331000000000415e+01 1.008650999999999982e+02 2.152038999999999902e+01 2.030402000000000129e+01 1.553209999999999980e+01 -3.555541999999999980e+00 4.522400000000000198e+00 3.836243000000000070e+00
2.298626999999999896e+02 1.014755999999999972e+03 8.028819000000000017e+01 2.173091000000000150e+01 -1.164128000000000007e+01 5.493155999999999928e+00 1.592975999999999992e+01 -8.343047999999999575e-01 2.943458999999999826e+00 1.313835000000000086e+00
8.901331000000000415e+01 8.028819000000000017e+01 5.348206000000000131e+02 1.164128000000000007e+01 1.357499999999999929e+01 -5.964890000000000470e-01 1.972701999999999956e+00 1.894730000000000025e+00 3.263145000000000184e+00 8.966826999999999437e-02
1.008650999999999982e+02 2.173091000000000150e+01 1.164128000000000007e+01 2.182526000000000010e+02 5.980483999999999689e+00 -2.007789999999999964e+00 -8.810883000000000465e-01 -4.912262000000000017e-01 6.510696000000000261e-01 5.497054999999999580e-01
2.152038999999999902e+01 -1.164128000000000007e+01 1.357499999999999929e+01 5.980483999999999689e+00 1.285531000000000006e+02 5.695884999999999643e+00 -7.017516999999999505e-02 -1.302138999999999935e+00 -6.900557999999999970e-01 -2.300185999999999897e-01
2.030402000000000129e+01 5.493155999999999928e+00 -5.964890000000000470e-01 -2.007789999999999964e+00 5.695884999999999643e+00 4.422399999999999665e+01 -1.052628000000000036e-01 1.040931999999999968e+00 -2.865485999999999867e-01 -9.551619999999999555e-02
1.553209999999999980e+01 1.592975999999999992e+01 1.972701999999999956e+00 -8.810883000000000465e-01 -7.017516999999999505e-02 -1.052628000000000036e-01 2.500574999999999903e+01 5.691985999999999990e-01 -1.286545000000000050e-01 -4.288482999999999878e-02
-3.555541999999999980e+00 -8.343047999999999575e-01 1.894730000000000025e+00 -4.912262000000000017e-01 -1.302138999999999935e+00 1.040931999999999968e+00 5.691985999999999990e-01 9.785538000000000736e+00 -5.847930999999999963e-02 -1.949309999999999932e-02
4.522400000000000198e+00 2.943458999999999826e+00 3.263145000000000184e+00 6.510696000000000261e-01 -6.900557999999999970e-01 -2.865485999999999867e-01 -1.286545000000000050e-01 -5.847930999999999963e-02 2.976596999999999937e+00 -5.847930999999999789e-03
3.836243000000000070e+00 1.313835000000000086e+00 8.966826999999999437e-02 5.497054999999999580e-01 -2.300185999999999897e-01 -9.551619999999999555e-02 -4.288482999999999878e-02 -1.949309999999999932e-02 -5.847930999999999789e-03 9.960976000000000274e-01
