# M_low [Msun/h] M_high[Msun/h] Number M_total[Msun/h]
1.291700999999999944e+01 1.318429000000000073e+01 3.653100000000000000e+05 4.044614000000000000e+18
1.318429000000000073e+01 1.345157000000000025e+01 1.978830000000000000e+05 4.047896000000000000e+18
1.345157000000000025e+01 1.371885999999999939e+01 1.039600000000000000e+05 3.924024000000000000e+18
1.371885999999999939e+01 1.398614000000000068e+01 5.125100000000000000e+04 3.564763000000000000e+18
1.398614000000000068e+01 1.425342000000000020e+01 2.275700000000000000e+04 2.906538000000000000e+18
1.425342000000000020e+01 1.452069999999999972e+01 8.971000000000000000e+03 2.108367000000000000e+18
1.452069999999999972e+01 1.478797999999999924e+01 2.773000000000000000e+03 1.190762000000000000e+18
1.478797999999999924e+01 1.505526000000000053e+01 6.450000000000000000e+02 5.072254000000000000e+17
1.505526000000000053e+01 1.532254999999999967e+01 7.700000000000000000e+01 1.043574000000000000e+17
1.532254999999999967e+01 1.558982999999999919e+01 8.000000000000000000e+00 1.941060000000000000e+16
