# M_low [Msun/h] M_high[Msun/h] Number M_total[Msun/h]
1.291700999999999944e+01 1.304180000000000028e+01 2.247700000000000000e+04 2.118348000000000000e+17
1.304180000000000028e+01 1.316657999999999973e+01 1.236500000000000000e+04 1.552912000000000000e+17
1.316657999999999973e+01 1.329137000000000057e+01 6.687000000000000000e+03 1.118248000000000000e+17
1.329137000000000057e+01 1.341615000000000002e+01 3.311000000000000000e+03 7.382078000000000000e+16
1.341615000000000002e+01 1.354092999999999947e+01 1.626000000000000000e+03 4.815213000000000000e+16
1.354092999999999947e+01 1.366572000000000031e+01 6.540000000000000000e+02 2.573835000000000000e+16
1.366572000000000031e+01 1.379049999999999976e+01 2.450000000000000000e+02 1.283088000000000000e+16
1.379049999999999976e+01 1.391529000000000060e+01 8.600000000000000000e+01 6.014978000000000000e+15
1.391529000000000060e+01 1.404007000000000005e+01 2.400000000000000000e+01 2.163700000000000000e+15
1.404007000000000005e+01 1.416485999999999912e+01 8.000000000000000000e+00 1.005820000000000000e+15
