# M_low [Msun/h] M_high[Msun/h] Number M_total[Msun/h]
1.290570999999999913e+01 1.314045999999999914e+01 2.970250000000000000e+05 3.088153000000000000e+18
1.314045999999999914e+01 1.337520999999999916e+01 1.674990000000000000e+05 2.989386000000000000e+18
1.337520999999999916e+01 1.360994999999999955e+01 9.045500000000000000e+04 2.765557000000000000e+18
1.360994999999999955e+01 1.384469999999999956e+01 4.546500000000000000e+04 2.376663000000000000e+18
1.384469999999999956e+01 1.407944999999999958e+01 2.119100000000000000e+04 1.895324000000000000e+18
1.407944999999999958e+01 1.431419999999999959e+01 8.797000000000000000e+03 1.341615000000000000e+18
1.431419999999999959e+01 1.454894999999999960e+01 3.074000000000000000e+03 7.962105000000000000e+17
1.454894999999999960e+01 1.478369999999999962e+01 8.150000000000000000e+02 3.576629000000000000e+17
1.478369999999999962e+01 1.501844000000000001e+01 1.770000000000000000e+02 1.309532000000000000e+17
1.501844000000000001e+01 1.525319000000000003e+01 1.400000000000000000e+01 1.726080000000000000e+16
