# M_low [Msun/h] M_high[Msun/h] Number M_total[Msun/h]
1.290570999999999913e+01 1.312091999999999992e+01 2.573270000000000000e+05 2.620810000000000000e+18
1.312091999999999992e+01 1.333614000000000033e+01 1.474120000000000000e+05 2.461682000000000000e+18
1.333614000000000033e+01 1.355134999999999934e+01 8.210100000000000000e+04 2.244725000000000000e+18
1.355134999999999934e+01 1.376656999999999975e+01 4.266200000000000000e+04 1.907974000000000000e+18
1.376656999999999975e+01 1.398178000000000054e+01 2.076700000000000000e+04 1.522957000000000000e+18
1.398178000000000054e+01 1.419699999999999918e+01 9.001000000000000000e+03 1.079274000000000000e+18
1.419699999999999918e+01 1.441220999999999997e+01 3.437000000000000000e+03 6.673816000000000000e+17
1.441220999999999997e+01 1.462743000000000038e+01 1.045000000000000000e+03 3.300086000000000000e+17
1.462743000000000038e+01 1.484263999999999939e+01 2.510000000000000000e+02 1.312736000000000000e+17
1.484263999999999939e+01 1.505785999999999980e+01 4.300000000000000000e+01 3.523613000000000000e+16
