# M_low [Msun/h] M_high[Msun/h] Number M_total[Msun/h]
1.290570999999999913e+01 1.316845999999999961e+01 3.754400000000000000e+05 4.033894000000000000e+18
1.316845999999999961e+01 1.343121000000000009e+01 2.102110000000000000e+05 4.134328000000000000e+18
1.343121000000000009e+01 1.369394999999999918e+01 1.149650000000000000e+05 4.129558000000000000e+18
1.369394999999999918e+01 1.395669999999999966e+01 5.908200000000000000e+04 3.877692000000000000e+18
1.395669999999999966e+01 1.421945000000000014e+01 2.798700000000000000e+04 3.350508000000000000e+18
1.421945000000000014e+01 1.448220000000000063e+01 1.208600000000000000e+04 2.626934000000000000e+18
1.448220000000000063e+01 1.474493999999999971e+01 4.452000000000000000e+03 1.757440000000000000e+18
1.474493999999999971e+01 1.500769000000000020e+01 1.222000000000000000e+03 8.621456000000000000e+17
1.500769000000000020e+01 1.527044000000000068e+01 2.150000000000000000e+02 2.716214000000000000e+17
1.527044000000000068e+01 1.553318999999999939e+01 2.600000000000000000e+01 5.843250000000000000e+16
