# M_low [Msun/h] M_high[Msun/h] Number M_total[Msun/h]
1.290570999999999913e+01 1.311467000000000027e+01 2.047140000000000000e+05 2.065141000000000000e+18
1.311467000000000027e+01 1.332362999999999964e+01 1.130530000000000000e+05 1.844179000000000000e+18
1.332362999999999964e+01 1.353260000000000041e+01 5.924600000000000000e+04 1.561760000000000000e+18
1.353260000000000041e+01 1.374155999999999977e+01 2.864800000000000000e+04 1.215896000000000000e+18
1.374155999999999977e+01 1.395051999999999914e+01 1.293300000000000000e+04 8.850138000000000000e+17
1.395051999999999914e+01 1.415948000000000029e+01 5.087000000000000000e+03 5.594478000000000000e+17
1.415948000000000029e+01 1.436844999999999928e+01 1.630000000000000000e+03 2.880943000000000000e+17
1.436844999999999928e+01 1.457741000000000042e+01 3.970000000000000000e+02 1.120941000000000000e+17
1.457741000000000042e+01 1.478636999999999979e+01 8.800000000000000000e+01 4.048943000000000000e+16
1.478636999999999979e+01 1.499532999999999916e+01 4.000000000000000000e+00 2.635040000000000000e+15
