# M_low [Msun/h] M_high[Msun/h] Number M_total[Msun/h]
1.290570999999999913e+01 1.300031000000000070e+01 4.027000000000000000e+03 3.579957000000000000e+16
1.300031000000000070e+01 1.309490000000000087e+01 2.179000000000000000e+03 2.407901000000000000e+16
1.309490000000000087e+01 1.318950000000000067e+01 1.215000000000000000e+03 1.673014000000000000e+16
1.318950000000000067e+01 1.328409000000000084e+01 6.280000000000000000e+02 1.071101000000000000e+16
1.328409000000000084e+01 1.337869000000000064e+01 3.360000000000000000e+02 7.098460000000000000e+15
1.337869000000000064e+01 1.347328000000000081e+01 1.390000000000000000e+02 3.669654000000000000e+15
1.347328000000000081e+01 1.356788000000000061e+01 4.300000000000000000e+01 1.393537000000000000e+15
1.356788000000000061e+01 1.366248000000000040e+01 1.400000000000000000e+01 5.658390000000000000e+14
1.366248000000000040e+01 1.375707000000000058e+01 1.100000000000000000e+01 5.375110000000000000e+14
1.375707000000000058e+01 1.385167000000000037e+01 2.000000000000000000e+00 1.218530000000000000e+14
