# M_low [Msun/h] M_high[Msun/h] Number M_total[Msun/h]
1.290570999999999913e+01 1.314689000000000085e+01 3.238240000000000000e+05 3.392735000000000000e+18
1.314689000000000085e+01 1.338807000000000080e+01 1.845270000000000000e+05 3.369627000000000000e+18
1.338807000000000080e+01 1.362925000000000075e+01 1.011390000000000000e+05 3.212253000000000000e+18
1.362925000000000075e+01 1.387043000000000070e+01 5.199100000000000000e+04 2.866826000000000000e+18
1.387043000000000070e+01 1.411159999999999926e+01 2.480100000000000000e+04 2.368934000000000000e+18
1.411159999999999926e+01 1.435277999999999921e+01 1.083600000000000000e+04 1.794260000000000000e+18
1.435277999999999921e+01 1.459395999999999916e+01 3.898000000000000000e+03 1.119853000000000000e+18
1.459395999999999916e+01 1.483514000000000088e+01 1.117000000000000000e+03 5.493300000000000000e+17
1.483514000000000088e+01 1.507632000000000083e+01 2.450000000000000000e+02 2.099942000000000000e+17
1.507632000000000083e+01 1.531750000000000078e+01 2.000000000000000000e+01 2.984860000000000000e+16
