# M_low [Msun/h] M_high[Msun/h] Number M_total[Msun/h]
1.290570999999999913e+01 1.311528999999999989e+01 2.297510000000000000e+05 2.324468000000000000e+18
1.311528999999999989e+01 1.332487000000000066e+01 1.297760000000000000e+05 2.126432000000000000e+18
1.332487000000000066e+01 1.353444999999999965e+01 7.045200000000000000e+04 1.866289000000000000e+18
1.353444999999999965e+01 1.374403000000000041e+01 3.615000000000000000e+04 1.545311000000000000e+18
1.374403000000000041e+01 1.395360999999999940e+01 1.699900000000000000e+04 1.176145000000000000e+18
1.395360999999999940e+01 1.416319000000000017e+01 7.189000000000000000e+03 8.013379000000000000e+17
1.416319000000000017e+01 1.437278000000000056e+01 2.587000000000000000e+03 4.615323000000000000e+17
1.437278000000000056e+01 1.458235999999999954e+01 7.430000000000000000e+02 2.129614000000000000e+17
1.458235999999999954e+01 1.479194000000000031e+01 1.780000000000000000e+02 8.274740000000000000e+16
1.479194000000000031e+01 1.500151999999999930e+01 2.200000000000000000e+01 1.551676000000000000e+16
