# M_low [Msun/h] M_high[Msun/h] Number M_total[Msun/h]
1.290570999999999913e+01 1.304216000000000086e+01 3.759600000000000000e+04 3.494924000000000000e+17
1.304216000000000086e+01 1.317859999999999943e+01 2.095900000000000000e+04 2.670567000000000000e+17
1.317859999999999943e+01 1.331504999999999939e+01 1.127900000000000000e+04 1.961858000000000000e+17
1.331504999999999939e+01 1.345148999999999972e+01 5.551000000000000000e+03 1.320596000000000000e+17
1.345148999999999972e+01 1.358793999999999969e+01 2.613000000000000000e+03 8.490388000000000000e+16
1.358793999999999969e+01 1.372438000000000002e+01 1.127000000000000000e+03 4.994329000000000000e+16
1.372438000000000002e+01 1.386082999999999998e+01 3.830000000000000000e+02 2.304526000000000000e+16
1.386082999999999998e+01 1.399727000000000032e+01 1.280000000000000000e+02 1.047110000000000000e+16
1.399727000000000032e+01 1.413372000000000028e+01 2.800000000000000000e+01 3.086218000000000000e+15
1.413372000000000028e+01 1.427017000000000024e+01 1.000000000000000000e+01 1.491770000000000000e+15
