# M_low [Msun/h] M_high[Msun/h] Number M_total[Msun/h]
1.290570999999999913e+01 1.315244000000000035e+01 3.472220000000000000e+05 3.661943000000000000e+18
1.315244000000000035e+01 1.339916000000000018e+01 1.998670000000000000e+05 3.718188000000000000e+18
1.339916000000000018e+01 1.364588999999999963e+01 1.116290000000000000e+05 3.658102000000000000e+18
1.364588999999999963e+01 1.389260999999999946e+01 5.891900000000000000e+04 3.401015000000000000e+18
1.389260999999999946e+01 1.413934000000000069e+01 2.882800000000000000e+04 2.925783000000000000e+18
1.413934000000000069e+01 1.438606000000000051e+01 1.302700000000000000e+04 2.318040000000000000e+18
1.438606000000000051e+01 1.463278999999999996e+01 4.958000000000000000e+03 1.546240000000000000e+18
1.463278999999999996e+01 1.487951999999999941e+01 1.604000000000000000e+03 8.656442000000000000e+17
1.487951999999999941e+01 1.512623999999999924e+01 3.280000000000000000e+02 3.086808000000000000e+17
1.512623999999999924e+01 1.537297000000000047e+01 5.500000000000000000e+01 8.906310000000000000e+16
