# M_low [Msun/h] M_high[Msun/h] Number M_total[Msun/h]
1.290570999999999913e+01 1.311093999999999937e+01 1.773750000000000000e+05 1.780715000000000000e+18
1.311093999999999937e+01 1.331617999999999924e+01 9.649900000000000000e+04 1.551532000000000000e+18
1.331617999999999924e+01 1.352140999999999948e+01 4.903800000000000000e+04 1.262386000000000000e+18
1.352140999999999948e+01 1.372664999999999935e+01 2.298000000000000000e+04 9.459852000000000000e+17
1.372664999999999935e+01 1.393187999999999960e+01 9.911000000000000000e+03 6.517244000000000000e+17
1.393187999999999960e+01 1.413711999999999946e+01 3.627000000000000000e+03 3.798924000000000000e+17
1.413711999999999946e+01 1.434234999999999971e+01 1.114000000000000000e+03 1.848000000000000000e+17
1.434234999999999971e+01 1.454758999999999958e+01 2.530000000000000000e+02 6.612760000000000000e+16
1.454758999999999958e+01 1.475281999999999982e+01 4.600000000000000000e+01 1.921681000000000000e+16
1.475281999999999982e+01 1.495805999999999969e+01 1.000000000000000000e+00 6.790000000000000000e+14
