2.038296180603579519e-02 3.982061482142525838e-03 3.095417286870668760e-03 1.554611010401262656e-04 3.127549956958326630e-05 2.416755633567547846e-06 4.648280087699482780e-07
1.749057858776410443e-02 3.245665337809006904e-03 8.445833124437329828e-04 1.166427264864692751e-04 3.868334000603092763e-05 2.580000462285262965e-06 3.994726760286682361e-07
2.409246504180907397e-02 5.203312816469195072e-03 8.518291705727938645e-03 2.644783896402041188e-04 3.578560210335730195e-05 4.459703760009823814e-06 1.265904065772016800e-06
2.217631494570884709e-02 4.070928637147619954e-03 6.685087155892195133e-03 3.826699158631136251e-04 5.260049158375987522e-05 7.595721456579976037e-06 1.970958882710819868e-06
1.826255873244429437e-02 2.825722401901740750e-03 2.546918071254433789e-03 1.761465550541142875e-04 3.477222692042548241e-05 3.081726123966609084e-06 7.008882253741225858e-07
1.561056545502208584e-02 3.548140368751144611e-03 8.345764290965598927e-04 1.223294636310548131e-04 3.416894917842352433e-05 2.343222052046142775e-06 4.218230650841430905e-07
1.910697292856893686e-02 3.525530520356024138e-03 3.836490804864412657e-03 1.992325743519065900e-04 3.180415618537573124e-05 4.082141243341873568e-06 1.042642854565000199e-06
2.049403496774891698e-02 4.320624902718305828e-03 2.473295973497464852e-03 1.485401854169205978e-04 3.616119419756743872e-05 2.897475681655864366e-06 6.498239561416521605e-07
1.706006830348159864e-02 5.155067308727098729e-03 1.262318501345149977e-03 2.258989602065373126e-04 3.809501494765492379e-05 2.667074142627676252e-06 6.318540810519063020e-07
2.120763431599263435e-02 5.507972085537013972e-03 7.270096257895981677e-03 3.240881373871555169e-04 3.748207262656184653e-05 3.958373108803486500e-06 9.286642339571339508e-07
2.125500646505822447e-02 4.240599829061042318e-03 1.370753823484062569e-03 1.193370012773914678e-04 3.178285747277193344e-05 2.103053817046710801e-06 4.454067518663362815e-07
1.765508365043317804e-02 3.519128616055038853e-03 1.631041626928239098e-03 1.348961678603811303e-04 3.328377806032077493e-05 2.287476040739219233e-06 3.830041395089835349e-07
2.031903892617788893e-02 3.762601524707472750e-03 2.306356891881049774e-03 1.471467641309193912e-04 3.037296361513576099e-05 2.523246655019144832e-06 4.680684136199960316e-07
2.005532005111157826e-02 3.947012762747671190e-03 1.129455208712447194e-03 1.220277086065461506e-04 3.320236383063606778e-05 2.203973683450862430e-06 3.830981070694195362e-07
1.523253045221682755e-02 3.859707035801931713e-03 6.715490171417265322e-04 1.296075051529402375e-04 3.427129430844908257e-05 2.320757375276608711e-06 4.080786413198112973e-07
2.227875610834138473e-02 4.404195202780450923e-03 1.027102503492940706e-03 1.214566397948408695e-04 3.708780646674190388e-05 2.351229779284864549e-06 4.540345525256986026e-07
1.791439505460588888e-02 4.090137741336605584e-03 1.867399022407332772e-03 1.442924218664884319e-04 3.056124865661854416e-05 2.275591587828069094e-06 5.380344838865004646e-07
1.868007985074525770e-02 4.552289329137838673e-03 1.282762609397648671e-03 1.424739036920106845e-04 3.570939687958941386e-05 2.379771566147752242e-06 4.650331803669232613e-07
1.698552020086817327e-02 4.103386376304102995e-03 2.595086450680712722e-03 2.590060072322013761e-04 4.025062817354509799e-05 4.385809917160759104e-06 1.187399461035065796e-06
1.505777373183568753e-02 4.143558753367046141e-03 1.516830094609141746e-03 1.562256915667753520e-04 3.512143268378067532e-05 2.563406755884257859e-06 5.237825858516836901e-07
2.066424044898926282e-02 3.643271038541982549e-03 1.434385189501090428e-03 1.113193508555557725e-04 3.113810802401455749e-05 2.130359322294495993e-06 3.561829453679787926e-07
1.849387965464245262e-02 4.374926654006030223e-03 3.770839373076461439e-03 2.423947113318469381e-04 3.686424213694053495e-05 2.639516777316971662e-06 5.229777936803601862e-07
1.491589695027136821e-02 3.887690813034535599e-03 9.880889978931951898e-04 1.576545666433644378e-04 3.417106868370014779e-05 2.072969135127713350e-06 4.370050362311556746e-07
3.188647804521307222e-02 6.761638443831914300e-03 1.051343459180343470e-02 7.033646426907635063e-04 8.284681344512924764e-05 2.441022145737627310e-05 8.672856886376896726e-06
2.808696931820664489e-02 5.572619878553776614e-03 9.257024978535303983e-03 3.056781647647334693e-04 4.093757173911644341e-05 6.152410855190268849e-06 1.811479238215823579e-06
1.511373386058363980e-02 3.799470056756546615e-03 1.860366947749297895e-03 1.626245409169814200e-04 3.559980210076024390e-05 2.591651140039086655e-06 5.116436583776482389e-07
1.748779890288327046e-02 3.442940976492356395e-03 9.482592977725696386e-04 1.103580041011670678e-04 3.613244113649448597e-05 2.365543393292705594e-06 3.655230040095522004e-07
2.155277725323920257e-02 4.137808433705708264e-03 3.183729323854364059e-03 2.316510948288612705e-04 3.803953125196091965e-05 4.003928001414930248e-06 1.041525610465213411e-06
1.735913127542540457e-02 3.876440933916392665e-03 7.119578981688846854e-04 1.158637268319558263e-04 3.934392737422937644e-05 2.382181295334278429e-06 4.635729356153812091e-07
1.606337386284375709e-02 4.411573163202182901e-03 8.655209173961578946e-04 1.629883296304499485e-04 3.740966816560822378e-05 2.509324176388809173e-06 5.414979245750658201e-07
2.335952249623548735e-02 4.022160078247918880e-03 1.131704232807212831e-03 1.206717609839255294e-04 3.145854641231159951e-05 2.211583572097342133e-06 3.647003087026350409e-07
1.921994119656631264e-02 3.938804192243147359e-03 8.291785757906120977e-04 1.013437238074872622e-04 3.575800305246104019e-05 2.470357191793408484e-06 3.774477597467082527e-07
2.318460423735778375e-02 4.742228477750277948e-03 4.419017219380706220e-03 2.478665882839817649e-04 4.224624872620137320e-05 5.016801551632101082e-06 1.284581992859465755e-06
1.850608593012191203e-02 4.305021173789422978e-03 2.633796008645106212e-03 1.687099451691519158e-04 3.273335668452774543e-05 2.423337499773469750e-06 4.684808830631199394e-07
1.948774423013981821e-02 3.623094783997912911e-03 1.151632019771127967e-03 1.167773195183473376e-04 2.974358482712482072e-05 1.987793993872601874e-06 3.544895612219586201e-07
1.766804520706561146e-02 3.375948969630468942e-03 4.075369130455262605e-03 2.322006131858698975e-04 3.476982161160060492e-05 4.554863428159833534e-06 1.193467256873167412e-06
1.637162427579557517e-02 4.067126934116359685e-03 9.052501143656740707e-04 1.145039116490497192e-04 3.199976549469063530e-05 2.246674445812205882e-06 4.166242740658216865e-07
1.654225375569936748e-02 3.809742229465960198e-03 2.795674586800492908e-03 2.993936343133677931e-04 3.553081579939749117e-05 3.537437645445273233e-06 8.113614904198434600e-07
1.922314361633074148e-02 3.989655638298854681e-03 2.871409638252711647e-03 2.105707638502118538e-04 3.641897999148749175e-05 3.515739529658475571e-06 8.653074965638683307e-07
