-2.538508950227223337e+00 2.467386047931921400e+00 7.415188876602294421e-01 -1.054601110679466824e+00 4.232803646996064484e-01 -6.434509114497984905e-01 2.030948097798390348e-02
-2.893549177344890477e+00 2.579812583498884759e+00 8.587094358689926210e-01 -1.039965217700444144e+00 4.203901765753309538e-01 -6.611265757966200418e-01 2.275385071256606773e-02
-2.367726875613756388e+00 2.442243392127084523e+00 7.497278210894442463e-01 -1.046604216641456642e+00 4.487598954282802088e-01 -6.309403832859604710e-01 1.309478589632855072e-02
-2.579830150595418203e+00 2.735093505807662417e+00 6.615445201521114038e-01 -1.112740623922984007e+00 4.644199757197963740e-01 -6.255247943988518911e-01 -8.384138865996551126e-04
-3.006981135834326579e+00 2.500923805465039340e+00 7.753256707372386813e-01 -1.090794349330201474e+00 4.408083313425193439e-01 -6.304741221077815316e-01 1.937470035857324566e-02
-2.663740457636772252e+00 2.570713758609491695e+00 8.594704440405557255e-01 -1.040281803528535498e+00 3.906337136007582700e-01 -6.553753832108205613e-01 2.005683779589645735e-02
-2.661254788702373641e+00 2.413892150351077071e+00 6.699469252704076672e-01 -1.062819696061489516e+00 4.230408082051450025e-01 -6.356787866515748453e-01 2.106404262638725960e-02
-2.329042079295783996e+00 2.220086510605105090e+00 5.981086064677012537e-01 -9.566919303751190151e-01 4.278685871262996598e-01 -6.542120511849751630e-01 1.261852891526521817e-02
-2.258139043656682166e+00 2.498818088522118508e+00 7.638694048733928321e-01 -9.916168046429872929e-01 4.152679537488074835e-01 -6.529117765137515406e-01 1.310169957398178188e-02
-2.137813392470823803e+00 2.494420535014950868e+00 6.433656000867630231e-01 -9.949709617118387417e-01 4.339494623823760833e-01 -6.402093343488705068e-01 1.767635884268465782e-03
-2.457812023630277842e+00 2.223444808373415071e+00 7.676852598859500443e-01 -9.614995836387412176e-01 4.168508991846295308e-01 -6.575476376904997311e-01 7.278454552886634218e-03
-2.733308581546305849e+00 2.544501523129390375e+00 7.731174907704460031e-01 -1.040685307220539535e+00 4.389579675633779599e-01 -6.424153652984736507e-01 2.294628731289771392e-02
-2.696786762669065141e+00 2.369235888867761819e+00 7.848601249019917514e-01 -1.027844916236970274e+00 4.210720378709930656e-01 -6.381652902711548725e-01 1.691748478121986310e-02
-2.714892533317641021e+00 2.458480557498388119e+00 8.085668635164988682e-01 -1.001785148368462330e+00 4.092449084662659331e-01 -6.523654978973504326e-01 1.968287713541315084e-02
-2.525736064857644347e+00 2.506783822901102798e+00 8.093794670593866813e-01 -1.027455508906192083e+00 3.918918311925325693e-01 -6.623708437621115275e-01 2.934437405946105012e-02
-2.362666987639912008e+00 2.224640627839376439e+00 7.434043998180639434e-01 -9.644522113804888663e-01 4.125630948528423714e-01 -6.526970876627780083e-01 1.124278500333925936e-02
-2.426942130618095828e+00 2.306291620292182820e+00 6.475213245492588143e-01 -9.742909616614757740e-01 4.177898537533897283e-01 -6.527386815667541864e-01 9.062546174603844720e-03
-2.672729972154701983e+00 2.534880632012474155e+00 8.149028494411050261e-01 -1.024998536296088503e+00 4.125158898526810058e-01 -6.535473889140557269e-01 1.409547191883979943e-02
-2.156189144065399965e+00 2.341425492795869978e+00 5.368556425441395330e-01 -9.511957996095279366e-01 4.352612630772750846e-01 -6.487565980842706637e-01 -9.216802821185021688e-05
-2.572585157966045255e+00 2.397937190625559545e+00 6.621165692959827265e-01 -9.871868447332128316e-01 4.340536161827634465e-01 -6.495062191180219768e-01 9.246065836241247615e-03
-2.717983214631365829e+00 2.455223348199712774e+00 8.630070924439847690e-01 -1.040446597404705686e+00 4.232928593810162954e-01 -6.475595175918225088e-01 1.493136811005740631e-02
-2.487959704898517810e+00 2.648868984253659242e+00 7.556605427635364469e-01 -1.021944615707275350e+00 4.444181006001715062e-01 -6.461527799951273243e-01 7.567149199990082231e-03
-2.563947629202053324e+00 2.678490428672215984e+00 9.005070223195300594e-01 -1.068770103808819760e+00 4.052155327439666554e-01 -6.515958888770773116e-01 2.624816094966935312e-02
-1.923639742310668144e+00 2.372262254700833850e+00 4.447288789836289502e-01 -1.018028134572863452e+00 4.499883031384994125e-01 -6.266620378119100998e-01 6.966914619234862438e-03
-2.382364269799240208e+00 2.401666375653138008e+00 7.999536203543079482e-01 -1.020111021184474387e+00 4.583093742942416782e-01 -6.361139858218929355e-01 -5.438771977615621282e-04
-2.631949709942270399e+00 2.499630449549675948e+00 6.685209786071655280e-01 -1.029359048111216923e+00 4.192640315093649206e-01 -6.420902604550576820e-01 1.297149339055440886e-02
-2.727031036959900234e+00 2.343388120706929811e+00 7.982196741269016460e-01 -9.870562335218033834e-01 4.002561471366198331e-01 -6.532254995174304746e-01 2.223118570740514888e-02
-2.286831529661953244e+00 2.351157057380039550e+00 6.003675396483519888e-01 -9.413565750780751307e-01 4.329409819550416594e-01 -6.427718942501073895e-01 2.038063636080276238e-03
-2.357862251121411123e+00 2.326940957592717130e+00 7.615983796922274340e-01 -9.863703008852789944e-01 3.978476032741903867e-01 -6.694036655522793700e-01 1.802471905569568572e-02
-2.334864162207447524e+00 2.452825336858944993e+00 7.978470981880464441e-01 -9.739896737140406602e-01 3.982822425399830668e-01 -6.551750090879439048e-01 1.633878121487662358e-02
-2.542482724533458693e+00 2.287131426602581286e+00 8.078644258755354191e-01 -9.909978081523477256e-01 4.218334556989499773e-01 -6.591800063303856483e-01 1.021225057001605256e-02
-2.503841810214729957e+00 2.284964195193190495e+00 7.256082258019107556e-01 -9.981238616186366430e-01 3.902870371850410414e-01 -6.640351138657194507e-01 1.867365973594826284e-02
-2.347933465930330144e+00 2.358454369362083636e+00 6.189068910609567542e-01 -9.820677538260453865e-01 4.503401740672609010e-01 -6.417165788200089871e-01 1.121422421007836189e-03
-2.438559716867425564e+00 2.437348002424434945e+00 6.927328286634220067e-01 -1.012946528001295254e+00 4.382254072937723510e-01 -6.484811286719421863e-01 1.448508284116192639e-02
-2.804847047949756700e+00 2.454747059320993685e+00 8.385332087940021717e-01 -1.052199054759275221e+00 4.143951706509186872e-01 -6.535353019796852347e-01 1.968585132223945808e-02
-2.583314760791938891e+00 2.466868283303549347e+00 6.249997752653593253e-01 -1.078501613556011041e+00 4.429968006694158245e-01 -6.294901942735151579e-01 1.839959049412868974e-02
-2.383959392915654174e+00 2.327200958289004973e+00 7.565090121280730884e-01 -9.975539680819333066e-01 4.095587806299790246e-01 -6.618337463624263117e-01 2.198733114200404973e-02
-2.334848283887313247e+00 2.615408099626837846e+00 5.905001738058603955e-01 -1.031868751827298425e+00 4.430399047610572572e-01 -6.398109524184596442e-01 8.437507961068851578e-03
-2.413252020305198808e+00 2.387257813620821789e+00 6.267002704997214346e-01 -9.694021652199377170e-01 4.389685594952672520e-01 -6.477723571732809660e-01 4.066134183274122335e-03
