# M_low [Msun/h] M_high[Msun/h] Number M_total[Msun/h]
1.288690000000000069e+01 1.309190000000000076e+01 2.263930000000000000e+05 2.181078000000000000e+18
1.309190000000000076e+01 1.329688999999999943e+01 1.320500000000000000e+05 2.040157000000000000e+18
1.329688999999999943e+01 1.350187999999999988e+01 7.326400000000000000e+04 1.811686000000000000e+18
1.350187999999999988e+01 1.370687999999999995e+01 3.865000000000000000e+04 1.527060000000000000e+18
1.370687999999999995e+01 1.391187000000000040e+01 1.883300000000000000e+04 1.191901000000000000e+18
1.391187000000000040e+01 1.411687000000000047e+01 8.306000000000000000e+03 8.355133000000000000e+17
1.411687000000000047e+01 1.432185999999999915e+01 3.147000000000000000e+03 5.050368000000000000e+17
1.432185999999999915e+01 1.452684999999999960e+01 1.058000000000000000e+03 2.680991000000000000e+17
1.452684999999999960e+01 1.473184999999999967e+01 2.280000000000000000e+02 9.193252000000000000e+16
1.473184999999999967e+01 1.493684000000000012e+01 3.600000000000000000e+01 2.268791000000000000e+16
