# M_low [Msun/h] M_high[Msun/h] Number M_total[Msun/h]
1.288690000000000069e+01 1.310298000000000052e+01 2.611570000000000000e+05 2.546381000000000000e+18
1.310298000000000052e+01 1.331905000000000072e+01 1.518260000000000000e+05 2.433422000000000000e+18
1.331905000000000072e+01 1.353513000000000055e+01 8.475900000000000000e+04 2.229306000000000000e+18
1.353513000000000055e+01 1.375121000000000038e+01 4.492200000000000000e+04 1.939934000000000000e+18
1.375121000000000038e+01 1.396728000000000058e+01 2.178500000000000000e+04 1.545748000000000000e+18
1.396728000000000058e+01 1.418336000000000041e+01 9.657000000000000000e+03 1.118923000000000000e+18
1.418336000000000041e+01 1.439944000000000024e+01 3.641000000000000000e+03 6.890922000000000000e+17
1.439944000000000024e+01 1.461551000000000045e+01 1.178000000000000000e+03 3.629215000000000000e+17
1.461551000000000045e+01 1.483159000000000027e+01 2.490000000000000000e+02 1.242181000000000000e+17
1.483159000000000027e+01 1.504766000000000048e+01 4.000000000000000000e+01 3.259257000000000000e+16
