# M_low [Msun/h] M_high[Msun/h] Number M_total[Msun/h]
1.288690000000000069e+01 1.308482000000000056e+01 1.962520000000000000e+05 1.876123000000000000e+18
1.308482000000000056e+01 1.328274000000000044e+01 1.123240000000000000e+05 1.693501000000000000e+18
1.328274000000000044e+01 1.348066000000000031e+01 6.179900000000000000e+04 1.465142000000000000e+18
1.348066000000000031e+01 1.367858999999999980e+01 3.211900000000000000e+04 1.196616000000000000e+18
1.367858999999999980e+01 1.387650999999999968e+01 1.545400000000000000e+04 9.064708000000000000e+17
1.387650999999999968e+01 1.407442999999999955e+01 6.528000000000000000e+03 6.011336000000000000e+17
1.407442999999999955e+01 1.427234999999999943e+01 2.433000000000000000e+03 3.515116000000000000e+17
1.427234999999999943e+01 1.447026999999999930e+01 7.580000000000000000e+02 1.712003000000000000e+17
1.447026999999999930e+01 1.466818999999999917e+01 1.560000000000000000e+02 5.484491000000000000e+16
1.466818999999999917e+01 1.486611000000000082e+01 2.400000000000000000e+01 1.276909000000000000e+16
