# M_low [Msun/h] M_high[Msun/h] Number M_total[Msun/h]
1.288690000000000069e+01 1.313086000000000020e+01 3.281950000000000000e+05 3.303042000000000000e+18
1.313086000000000020e+01 1.337481000000000009e+01 1.861190000000000000e+05 3.284003000000000000e+18
1.337481000000000009e+01 1.361876999999999960e+01 1.008960000000000000e+05 3.115989000000000000e+18
1.361876999999999960e+01 1.386271999999999949e+01 5.175700000000000000e+04 2.790992000000000000e+18
1.386271999999999949e+01 1.410668000000000077e+01 2.442900000000000000e+04 2.301214000000000000e+18
1.410668000000000077e+01 1.435064000000000028e+01 1.039400000000000000e+04 1.702288000000000000e+18
1.435064000000000028e+01 1.459459000000000017e+01 3.689000000000000000e+03 1.051294000000000000e+18
1.459459000000000017e+01 1.483854999999999968e+01 9.600000000000000000e+02 4.732060000000000000e+17
1.483854999999999968e+01 1.508249999999999957e+01 1.920000000000000000e+02 1.649332000000000000e+17
1.508249999999999957e+01 1.532646000000000086e+01 1.600000000000000000e+01 2.261120000000000000e+16
