# M_low [Msun/h] M_high[Msun/h] Number M_total[Msun/h]
1.288690000000000069e+01 1.302848000000000006e+01 1.830300000000000000e+04 1.636929000000000000e+17
1.302848000000000006e+01 1.317007000000000083e+01 8.938000000000000000e+03 1.105551000000000000e+17
1.317007000000000083e+01 1.331165000000000020e+01 4.140000000000000000e+03 7.063547000000000000e+16
1.331165000000000020e+01 1.345322999999999958e+01 1.769000000000000000e+03 4.178471000000000000e+16
1.345322999999999958e+01 1.359481000000000073e+01 6.400000000000000000e+02 2.089844000000000000e+16
1.359481000000000073e+01 1.373639000000000010e+01 2.160000000000000000e+02 9.627226000000000000e+15
1.373639000000000010e+01 1.387796999999999947e+01 6.100000000000000000e+01 3.758782000000000000e+15
1.387796999999999947e+01 1.401956000000000024e+01 1.300000000000000000e+01 1.095404000000000000e+15
1.401956000000000024e+01 1.416113999999999962e+01 1.000000000000000000e+00 1.063200000000000000e+14
1.416113999999999962e+01 1.430272000000000077e+01 1.000000000000000000e+00 1.548400000000000000e+14
