# M_low [Msun/h] M_high[Msun/h] Number M_total[Msun/h]
1.288690000000000069e+01 1.307250999999999941e+01 1.395490000000000000e+05 1.313669000000000000e+18
1.307250999999999941e+01 1.325811000000000028e+01 7.795500000000000000e+04 1.125055000000000000e+18
1.325811000000000028e+01 1.344370999999999938e+01 4.106100000000000000e+04 9.073195000000000000e+17
1.344370999999999938e+01 1.362931999999999988e+01 2.064400000000000000e+04 6.976595000000000000e+17
1.362931999999999988e+01 1.381492000000000075e+01 9.255000000000000000e+03 4.776492000000000000e+17
1.381492000000000075e+01 1.400051999999999985e+01 3.716000000000000000e+03 2.918352000000000000e+17
1.400051999999999985e+01 1.418613000000000035e+01 1.260000000000000000e+03 1.511713000000000000e+17
1.418613000000000035e+01 1.437172999999999945e+01 3.680000000000000000e+02 6.722638000000000000e+16
1.437172999999999945e+01 1.455733000000000033e+01 5.600000000000000000e+01 1.621079000000000000e+16
1.455733000000000033e+01 1.474294000000000082e+01 9.000000000000000000e+00 3.768160000000000000e+15
