# M_low [Msun/h] M_high[Msun/h] Number M_total[Msun/h]
1.288690000000000069e+01 1.296327999999999925e+01 9.210000000000000000e+02 7.667206000000000000e+15
1.296327999999999925e+01 1.303965999999999958e+01 5.440000000000000000e+02 5.417902000000000000e+15
1.303965999999999958e+01 1.311603999999999992e+01 2.980000000000000000e+02 3.514626000000000000e+15
1.311603999999999992e+01 1.319242000000000026e+01 1.570000000000000000e+02 2.214662000000000000e+15
1.319242000000000026e+01 1.326880000000000059e+01 7.300000000000000000e+01 1.219067000000000000e+15
1.326880000000000059e+01 1.334517999999999915e+01 3.100000000000000000e+01 6.221360000000000000e+14
1.334517999999999915e+01 1.342155999999999949e+01 2.800000000000000000e+01 6.760490000000000000e+14
1.342155999999999949e+01 1.349794999999999945e+01 5.000000000000000000e+00 1.388870000000000000e+14
1.349794999999999945e+01 1.357432999999999979e+01 3.000000000000000000e+00 1.095590000000000000e+14
1.357432999999999979e+01 1.365071000000000012e+01 2.000000000000000000e+00 8.397100000000000000e+13
