# M_low [Msun/h] M_high[Msun/h] Number M_total[Msun/h]
1.288690000000000069e+01 1.307877000000000045e+01 1.670320000000000000e+05 1.586603000000000000e+18
1.307877000000000045e+01 1.327063000000000059e+01 9.400800000000000000e+04 1.387232000000000000e+18
1.327063000000000059e+01 1.346249000000000073e+01 5.105300000000000000e+04 1.168091000000000000e+18
1.346249000000000073e+01 1.365436000000000050e+01 2.594900000000000000e+04 9.216884000000000000e+17
1.365436000000000050e+01 1.384622000000000064e+01 1.208900000000000000e+04 6.661969000000000000e+17
1.384622000000000064e+01 1.403808000000000078e+01 4.936000000000000000e+03 4.216005000000000000e+17
1.403808000000000078e+01 1.422995000000000054e+01 1.738000000000000000e+03 2.287121000000000000e+17
1.422995000000000054e+01 1.442181000000000068e+01 5.510000000000000000e+02 1.125377000000000000e+17
1.442181000000000068e+01 1.461367000000000083e+01 8.600000000000000000e+01 2.709641000000000000e+16
1.461367000000000083e+01 1.480552999999999919e+01 1.600000000000000000e+01 7.483920000000000000e+15
