4.149929000000000087e+04 1.275400000000000000e+04 6.186978000000000065e+03 3.653554999999999836e+03 1.695931000000000040e+03 6.092296000000000049e+02 2.538722999999999956e+02 5.265087000000000295e+00 2.819677000000000078e+01 1.422411999999999921e+01
1.275400000000000000e+04 1.613347999999999956e+04 3.521998000000000047e+03 2.210186999999999898e+03 7.919501999999999953e+02 3.485991000000000213e+02 9.693139999999999645e+01 1.602722999999999942e+01 2.249894000000000105e+01 -6.444420000000000037e+00
6.186978000000000065e+03 3.521998000000000047e+03 5.615229999999999563e+03 9.760665000000000191e+02 4.191797000000000253e+02 4.335266000000000020e+01 5.764500000000000313e+01 1.485374000000000017e+01 8.896651999999999560e+00 -3.079909999999999926e+00
3.653554999999999836e+03 2.210186999999999898e+03 9.760665000000000191e+02 2.230601999999999862e+03 2.442719999999999914e+02 1.005063999999999993e+02 6.112062000000000239e+01 3.077961000000000169e+00 6.532138999999999918e+00 2.539950999999999848e+00
1.695931000000000040e+03 7.919501999999999953e+02 4.191797000000000253e+02 2.442719999999999914e+02 7.545234000000000378e+02 4.591015999999999764e+01 8.732910000000000394e+00 7.485351999999999562e-01 3.742675999999999892e+00 1.746582000000000079e+00
6.092296000000000049e+02 3.485991000000000213e+02 4.335266000000000020e+01 1.005063999999999993e+02 4.591015999999999764e+01 2.404045000000000130e+02 7.251433999999999713e+00 -4.834289999999999976e-01 5.769957999999999476e-01 5.769957999999999476e-01
2.538722999999999956e+02 9.693139999999999645e+01 5.764500000000000313e+01 6.112062000000000239e+01 8.732910000000000394e+00 7.251433999999999713e+00 6.560403999999999769e+01 -5.477562000000000264e-01 -1.189078999999999969e-01 -1.189078999999999969e-01
5.265087000000000295e+00 1.602722999999999942e+01 1.485374000000000017e+01 3.077961000000000169e+00 7.485351999999999562e-01 -4.834289999999999976e-01 -5.477562000000000264e-01 1.264517999999999986e+01 -2.534103000000000050e-02 -2.534103000000000050e-02
2.819677000000000078e+01 2.249894000000000105e+01 8.896651999999999560e+00 6.532138999999999918e+00 3.742675999999999892e+00 5.769957999999999476e-01 -1.189078999999999969e-01 -2.534103000000000050e-02 9.960976000000000274e-01 -1.949310000000000105e-03
1.422411999999999921e+01 -6.444420000000000037e+00 -3.079909999999999926e+00 2.539950999999999848e+00 1.746582000000000079e+00 5.769957999999999476e-01 -1.189078999999999969e-01 -2.534103000000000050e-02 -1.949310000000000105e-03 9.960976000000000274e-01
