2.435507000000000000e+06 1.329378000000000000e+06 8.662236999999999534e+05 5.252159000000000233e+05 2.752082999999999884e+05 1.536403999999999942e+05 5.746991999999999825e+04 2.298638999999999942e+04 6.190760000000000218e+03 6.486368999999999687e+02
1.329378000000000000e+06 1.021579000000000000e+06 5.543248000000000466e+05 3.331030000000000000e+05 1.764092999999999884e+05 9.956405000000000291e+04 3.857158000000000175e+04 1.435878000000000065e+04 3.483557999999999993e+03 1.484907000000000039e+02
8.662236999999999534e+05 5.543248000000000466e+05 4.704074000000000233e+05 2.244988999999999942e+05 1.193636000000000058e+05 6.931372999999999593e+04 2.590375000000000000e+04 9.415574000000000524e+03 2.251594000000000051e+03 1.916250000000000000e+02
5.252159000000000233e+05 3.331030000000000000e+05 2.244988999999999942e+05 1.907917000000000116e+05 7.530155999999999767e+04 4.131262000000000262e+04 1.685677999999999884e+04 6.356185999999999694e+03 1.463260999999999967e+03 1.992039000000000044e+02
2.752082999999999884e+05 1.764092999999999884e+05 1.193636000000000058e+05 7.530155999999999767e+04 6.385183999999999651e+04 2.179256999999999971e+04 9.110317999999999302e+03 3.721342999999999847e+03 8.873884000000000469e+02 6.546563999999999339e+01
1.536403999999999942e+05 9.956405000000000291e+04 6.931372999999999593e+04 4.131262000000000262e+04 2.179256999999999971e+04 2.404063000000000102e+04 6.153376000000000204e+03 2.172998000000000047e+03 5.272182999999999993e+02 5.807385000000000019e+01
5.746991999999999825e+04 3.857158000000000175e+04 2.590375000000000000e+04 1.685677999999999884e+04 9.110317999999999302e+03 6.153376000000000204e+03 5.893932999999999993e+03 9.033572000000000344e+02 1.852624999999999886e+02 2.067828000000000088e+01
2.298638999999999942e+04 1.435878000000000065e+04 9.415574000000000524e+03 6.356185999999999694e+03 3.721342999999999847e+03 2.172998000000000047e+03 9.033572000000000344e+02 1.297461000000000013e+03 8.882617000000000473e+01 9.980468999999999591e-01
6.190760000000000218e+03 3.483557999999999993e+03 2.251594000000000051e+03 1.463260999999999967e+03 8.873884000000000469e+02 5.272182999999999993e+02 1.852624999999999886e+02 8.882617000000000473e+01 1.896288999999999874e+02 -9.980468999999999591e-01
6.486368999999999687e+02 1.484907000000000039e+02 1.916250000000000000e+02 1.992039000000000044e+02 6.546563999999999339e+01 5.807385000000000019e+01 2.067828000000000088e+01 9.980468999999999591e-01 -9.980468999999999591e-01 1.546973000000000020e+01
