# M_low [Msun/h] M_high[Msun/h] Number M_total[Msun/h]
1.288690000000000069e+01 1.311979999999999968e+01 3.018920000000000000e+05 3.001514000000000000e+18
1.311979999999999968e+01 1.335271000000000008e+01 1.722080000000000000e+05 2.925536000000000000e+18
1.335271000000000008e+01 1.358561000000000085e+01 9.483700000000000000e+04 2.749004000000000000e+18
1.358561000000000085e+01 1.381850999999999985e+01 4.889100000000000000e+04 2.415803000000000000e+18
1.381850999999999985e+01 1.405142000000000024e+01 2.331400000000000000e+04 1.961827000000000000e+18
1.405142000000000024e+01 1.428431999999999924e+01 1.019900000000000000e+04 1.455655000000000000e+18
1.428431999999999924e+01 1.451722000000000001e+01 3.649000000000000000e+03 8.850160000000000000e+17
1.451722000000000001e+01 1.475012000000000079e+01 1.031000000000000000e+03 4.229089000000000000e+17
1.475012000000000079e+01 1.498302999999999940e+01 1.970000000000000000e+02 1.372559000000000000e+17
1.498302999999999940e+01 1.521593000000000018e+01 2.600000000000000000e+01 2.948796000000000000e+16
