# M_low [Msun/h] M_high[Msun/h] Number M_total[Msun/h]
1.288690000000000069e+01 1.306830000000000069e+01 1.152370000000000000e+05 1.078637000000000000e+18
1.306830000000000069e+01 1.324970000000000070e+01 6.300100000000000000e+04 8.950996000000000000e+17
1.324970000000000070e+01 1.343110000000000070e+01 3.253800000000000000e+04 7.004249000000000000e+17
1.343110000000000070e+01 1.361250000000000071e+01 1.575500000000000000e+04 5.138110000000000000e+17
1.361250000000000071e+01 1.379388999999999932e+01 6.834000000000000000e+03 3.367448000000000000e+17
1.379388999999999932e+01 1.397528999999999932e+01 2.578000000000000000e+03 1.927088000000000000e+17
1.397528999999999932e+01 1.415668999999999933e+01 8.010000000000000000e+02 9.070466000000000000e+16
1.415668999999999933e+01 1.433808999999999934e+01 2.110000000000000000e+02 3.535417000000000000e+16
1.433808999999999934e+01 1.451948999999999934e+01 3.300000000000000000e+01 8.528440000000000000e+15
1.451948999999999934e+01 1.470088999999999935e+01 7.000000000000000000e+00 2.512970000000000000e+15
