# M_low [Msun/h] M_high[Msun/h] Number M_total[Msun/h]
1.284356999999999971e+01 1.309930999999999912e+01 3.565520000000000000e+05 3.292575000000000000e+18
1.309930999999999912e+01 1.335505000000000031e+01 1.989050000000000000e+05 3.308963000000000000e+18
1.335505000000000031e+01 1.361078999999999972e+01 1.079130000000000000e+05 3.224479000000000000e+18
1.361078999999999972e+01 1.386654000000000053e+01 5.512200000000000000e+04 2.963106000000000000e+18
1.386654000000000053e+01 1.412227999999999994e+01 2.620400000000000000e+04 2.524133000000000000e+18
1.412227999999999994e+01 1.437801999999999936e+01 1.104100000000000000e+04 1.899967000000000000e+18
1.437801999999999936e+01 1.463376000000000055e+01 3.860000000000000000e+03 1.182289000000000000e+18
1.463376000000000055e+01 1.488949999999999996e+01 1.117000000000000000e+03 6.031431000000000000e+17
1.488949999999999996e+01 1.514523999999999937e+01 1.910000000000000000e+02 1.815994000000000000e+17
1.514523999999999937e+01 1.540099000000000018e+01 1.500000000000000000e+01 2.433220000000000000e+16
