# M_low [Msun/h] M_high[Msun/h] Number M_total[Msun/h]
1.284356999999999971e+01 1.293430999999999997e+01 2.420000000000000000e+03 1.858792000000000000e+16
1.293430999999999997e+01 1.302505000000000024e+01 1.400000000000000000e+03 1.326191000000000000e+16
1.302505000000000024e+01 1.311579000000000050e+01 7.180000000000000000e+02 8.341771000000000000e+15
1.311579000000000050e+01 1.320653000000000077e+01 3.830000000000000000e+02 5.530718000000000000e+15
1.320653000000000077e+01 1.329726999999999926e+01 1.500000000000000000e+02 2.645960000000000000e+15
1.329726999999999926e+01 1.338800999999999952e+01 8.000000000000000000e+01 1.753922000000000000e+15
1.338800999999999952e+01 1.347875999999999941e+01 3.600000000000000000e+01 9.699240000000000000e+14
1.347875999999999941e+01 1.356949999999999967e+01 1.400000000000000000e+01 4.612110000000000000e+14
1.356949999999999967e+01 1.366023999999999994e+01 1.100000000000000000e+01 4.439470000000000000e+14
1.366023999999999994e+01 1.375098000000000020e+01 1.000000000000000000e+00 5.419800000000000000e+13
