2.996013000000000000e+06 1.566067000000000000e+06 9.643413000000000466e+05 5.810619000000000233e+05 3.581102999999999884e+05 1.839831000000000058e+05 7.235260000000000582e+04 2.661658000000000175e+04 5.874894000000000233e+03 1.937614000000000090e+02
1.566067000000000000e+06 1.153247000000000000e+06 5.949016999999999534e+05 3.629364000000000233e+05 2.185196000000000058e+05 1.100750000000000000e+05 4.544583999999999651e+04 1.614118000000000029e+04 3.847581999999999880e+03 5.459823000000000093e+01
9.643413000000000466e+05 5.949016999999999534e+05 4.840142000000000116e+05 2.242707000000000116e+05 1.315798999999999942e+05 6.960496000000000640e+04 2.863211999999999898e+04 1.088530999999999949e+04 2.272945000000000164e+03 -5.126686000000000298e-01
5.810619000000000233e+05 3.629364000000000233e+05 2.242707000000000116e+05 1.858412000000000116e+05 8.662275000000000000e+04 4.380748999999999796e+04 1.759236999999999898e+04 6.959984999999999673e+03 1.429113000000000056e+03 8.992167999999999495e+01
3.581102999999999884e+05 2.185196000000000058e+05 1.315798999999999942e+05 8.662275000000000000e+04 8.119458000000000175e+04 2.780565999999999985e+04 1.098989999999999964e+04 4.006449000000000069e+03 8.510143000000000484e+02 5.619471999999999667e+01
1.839831000000000058e+05 1.100750000000000000e+05 6.960496000000000640e+04 4.380748999999999796e+04 2.780565999999999985e+04 2.450790999999999985e+04 6.112250000000000000e+03 2.285034000000000106e+03 2.986050999999999931e+02 5.321616999999999598e-01
7.235260000000000582e+04 4.544583999999999651e+04 2.863211999999999898e+04 1.759236999999999898e+04 1.098989999999999964e+04 6.112250000000000000e+03 6.448599000000000160e+03 8.252522000000000162e+02 1.896679000000000030e+02 -1.006624000000000052e+01
2.661658000000000175e+04 1.614118000000000029e+04 1.088530999999999949e+04 6.959984999999999673e+03 4.006449000000000069e+03 2.285034000000000106e+03 8.252522000000000162e+02 1.525123000000000047e+03 9.711659000000000219e+01 3.268993000000000038e+00
5.874894000000000233e+03 3.847581999999999880e+03 2.272945000000000164e+03 1.429113000000000056e+03 8.510143000000000484e+02 2.986050999999999931e+02 1.896679000000000030e+02 9.711659000000000219e+01 2.133306000000000040e+02 -2.590632999999999964e+00
1.937614000000000090e+02 5.459823000000000093e+01 -5.126686000000000298e-01 8.992167999999999495e+01 5.619471999999999667e+01 5.321616999999999598e-01 -1.006624000000000052e+01 3.268993000000000038e+00 -2.590632999999999964e+00 1.453210999999999942e+01
