# M_low [Msun/h] M_high[Msun/h] Number M_total[Msun/h]
1.284356999999999971e+01 1.309333999999999953e+01 3.368650000000000000e+05 3.088100000000000000e+18
1.309333999999999953e+01 1.334309999999999974e+01 1.879900000000000000e+05 3.060358000000000000e+18
1.334309999999999974e+01 1.359286999999999956e+01 1.014720000000000000e+05 2.929058000000000000e+18
1.359286999999999956e+01 1.384263999999999939e+01 5.142200000000000000e+04 2.632836000000000000e+18
1.384263999999999939e+01 1.409239999999999959e+01 2.427400000000000000e+04 2.197403000000000000e+18
1.409239999999999959e+01 1.434216999999999942e+01 1.016100000000000000e+04 1.622561000000000000e+18
1.434216999999999942e+01 1.459193999999999924e+01 3.402000000000000000e+03 9.565130000000000000e+17
1.459193999999999924e+01 1.484169999999999945e+01 9.890000000000000000e+02 4.806601000000000000e+17
1.484169999999999945e+01 1.509146999999999927e+01 1.670000000000000000e+02 1.418032000000000000e+17
1.509146999999999927e+01 1.534124000000000088e+01 1.300000000000000000e+01 1.841140000000000000e+16
