2.668996000000000000e+06 1.405081000000000000e+06 8.908195000000000000e+05 5.270100999999999767e+05 3.259557999999999884e+05 1.527762000000000116e+05 5.993769000000000233e+04 2.313659999999999854e+04 4.690930999999999585e+03 3.261489000000000260e+02
1.405081000000000000e+06 1.044853000000000000e+06 5.458975999999999767e+05 3.322175999999999767e+05 1.986938999999999942e+05 9.527980999999999767e+04 3.747423999999999796e+04 1.370305999999999949e+04 3.023032999999999902e+03 -1.415588999999999942e+01
8.908195000000000000e+05 5.458975999999999767e+05 4.599659000000000233e+05 2.076400000000000000e+05 1.257585000000000000e+05 5.909516999999999825e+04 2.419177999999999884e+04 1.016367000000000007e+04 1.845076999999999998e+03 7.641295999999999822e+01
5.270100999999999767e+05 3.322175999999999767e+05 2.076400000000000000e+05 1.701447999999999884e+05 8.076189999999999418e+04 3.693995999999999913e+04 1.447857999999999993e+04 5.752917999999999665e+03 1.066502999999999929e+03 4.627273000000000280e+01
3.259557999999999884e+05 1.986938999999999942e+05 1.257585000000000000e+05 8.076189999999999418e+04 7.615683000000000175e+04 2.270895999999999913e+04 9.736593999999999141e+03 3.590329000000000178e+03 7.709950999999999794e+02 4.657681999999999789e+01
1.527762000000000116e+05 9.527980999999999767e+04 5.909516999999999825e+04 3.693995999999999913e+04 2.270895999999999913e+04 2.119931999999999971e+04 4.911306999999999789e+03 1.693286000000000058e+03 1.245238999999999976e+02 1.597460000000000058e+01
5.993769000000000233e+04 3.747423999999999796e+04 2.419177999999999884e+04 1.447857999999999993e+04 9.736593999999999141e+03 4.911306999999999789e+03 5.175176999999999680e+03 6.053739000000000487e+02 1.590519999999999925e+02 -3.372307000000000166e+00
2.313659999999999854e+04 1.370305999999999949e+04 1.016367000000000007e+04 5.752917999999999665e+03 3.590329000000000178e+03 1.693286000000000058e+03 6.053739000000000487e+02 1.365933999999999969e+03 5.530778000000000105e+01 5.877170999999999701e+00
4.690930999999999585e+03 3.023032999999999902e+03 1.845076999999999998e+03 1.066502999999999929e+03 7.709950999999999794e+02 1.245238999999999976e+02 1.590519999999999925e+02 5.530778000000000105e+01 1.981415000000000077e+02 -2.235859000000000041e+00
3.261489000000000260e+02 -1.415588999999999942e+01 7.641295999999999822e+01 4.627273000000000280e+01 4.657681999999999789e+01 1.597460000000000058e+01 -3.372307000000000166e+00 5.877170999999999701e+00 -2.235859000000000041e+00 1.264517999999999986e+01
