# M_low [Msun/h] M_high[Msun/h] Number M_total[Msun/h]
1.284356999999999971e+01 1.305408000000000079e+01 2.081090000000000000e+05 1.823124000000000000e+18
1.305408000000000079e+01 1.326459000000000010e+01 1.154940000000000000e+05 1.641808000000000000e+18
1.326459000000000010e+01 1.347509999999999941e+01 6.108800000000000000e+04 1.406378000000000000e+18
1.347509999999999941e+01 1.368561000000000050e+01 3.009800000000000000e+04 1.121975000000000000e+18
1.368561000000000050e+01 1.389611999999999981e+01 1.360400000000000000e+04 8.198780000000000000e+17
1.389611999999999981e+01 1.410662999999999911e+01 5.534000000000000000e+03 5.367329000000000000e+17
1.410662999999999911e+01 1.431714000000000020e+01 1.808000000000000000e+03 2.836096000000000000e+17
1.431714000000000020e+01 1.452764999999999951e+01 4.650000000000000000e+02 1.155379000000000000e+17
1.452764999999999951e+01 1.473816000000000059e+01 7.500000000000000000e+01 3.022668000000000000e+16
1.473816000000000059e+01 1.494866999999999990e+01 1.000000000000000000e+01 6.183350000000000000e+15
