# M_low [Msun/h] M_high[Msun/h] Number M_total[Msun/h]
1.284356999999999971e+01 1.308252000000000059e+01 3.047510000000000000e+05 2.758658000000000000e+18
1.308252000000000059e+01 1.332147999999999932e+01 1.704920000000000000e+05 2.675900000000000000e+18
1.332147999999999932e+01 1.356043999999999983e+01 9.177700000000000000e+04 2.491670000000000000e+18
1.356043999999999983e+01 1.379939000000000071e+01 4.611900000000000000e+04 2.164443000000000000e+18
1.379939000000000071e+01 1.403834999999999944e+01 2.178100000000000000e+04 1.760684000000000000e+18
1.403834999999999944e+01 1.427730000000000032e+01 9.057000000000000000e+03 1.259474000000000000e+18
1.427730000000000032e+01 1.451626000000000083e+01 3.023000000000000000e+03 7.220302000000000000e+17
1.451626000000000083e+01 1.475520999999999994e+01 8.590000000000000000e+02 3.505376000000000000e+17
1.475520999999999994e+01 1.499417000000000044e+01 1.500000000000000000e+02 1.040908000000000000e+17
1.499417000000000044e+01 1.523311999999999955e+01 1.300000000000000000e+01 1.489827000000000000e+16
