# M_low [Msun/h] M_high[Msun/h] Number M_total[Msun/h]
1.284356999999999971e+01 1.306919000000000075e+01 2.699640000000000000e+05 2.408112000000000000e+18
1.306919000000000075e+01 1.329481999999999964e+01 1.513740000000000000e+05 2.271406000000000000e+18
1.329481999999999964e+01 1.352044000000000068e+01 8.222400000000000000e+04 2.067426000000000000e+18
1.352044000000000068e+01 1.374606999999999957e+01 4.186800000000000000e+04 1.764331000000000000e+18
1.374606999999999957e+01 1.397169000000000061e+01 1.972100000000000000e+04 1.391907000000000000e+18
1.397169000000000061e+01 1.419731999999999950e+01 8.257000000000000000e+03 9.740234000000000000e+17
1.419731999999999950e+01 1.442294000000000054e+01 2.877000000000000000e+03 5.635142000000000000e+17
1.442294000000000054e+01 1.464856999999999942e+01 8.350000000000000000e+02 2.751748000000000000e+17
1.464856999999999942e+01 1.487419000000000047e+01 1.460000000000000000e+02 7.861705000000000000e+16
1.487419000000000047e+01 1.509981999999999935e+01 1.600000000000000000e+01 1.439386000000000000e+16
