# M_low [Msun/h] M_high[Msun/h] Number M_total[Msun/h]
1.284356999999999971e+01 1.303608000000000011e+01 1.485160000000000000e+05 1.275079000000000000e+18
1.303608000000000011e+01 1.322859000000000052e+01 8.197200000000000000e+04 1.095859000000000000e+18
1.322859000000000052e+01 1.342111000000000054e+01 4.293700000000000000e+04 8.925179000000000000e+17
1.342111000000000054e+01 1.361361999999999917e+01 2.064800000000000000e+04 6.654958000000000000e+17
1.361361999999999917e+01 1.380612999999999957e+01 9.281000000000000000e+03 4.648706000000000000e+17
1.380612999999999957e+01 1.399864999999999959e+01 3.619000000000000000e+03 2.801642000000000000e+17
1.399864999999999959e+01 1.419116000000000000e+01 1.178000000000000000e+03 1.419007000000000000e+17
1.419116000000000000e+01 1.438367000000000040e+01 3.100000000000000000e+02 5.734822000000000000e+16
1.438367000000000040e+01 1.457618000000000080e+01 4.900000000000000000e+01 1.423504000000000000e+16
1.457618000000000080e+01 1.476870000000000083e+01 7.000000000000000000e+00 3.092130000000000000e+15
