# M_low [Msun/h] M_high[Msun/h] Number M_total[Msun/h]
1.284356999999999971e+01 1.304252999999999929e+01 1.758830000000000000e+05 1.521333000000000000e+18
1.304252999999999929e+01 1.324150000000000027e+01 9.796700000000000000e+04 1.340370000000000000e+18
1.324150000000000027e+01 1.344045999999999985e+01 5.179200000000000000e+04 1.117551000000000000e+18
1.344045999999999985e+01 1.363943000000000083e+01 2.559400000000000000e+04 8.690705000000000000e+17
1.363943000000000083e+01 1.383839000000000041e+01 1.179500000000000000e+04 6.328986000000000000e+17
1.383839000000000041e+01 1.403735999999999962e+01 4.750000000000000000e+03 3.997150000000000000e+17
1.403735999999999962e+01 1.423631999999999920e+01 1.555000000000000000e+03 2.064686000000000000e+17
1.423631999999999920e+01 1.443529000000000018e+01 4.370000000000000000e+02 8.975035000000000000e+16
1.443529000000000018e+01 1.463424999999999976e+01 7.100000000000000000e+01 2.331918000000000000e+16
1.463424999999999976e+01 1.483322000000000074e+01 1.200000000000000000e+01 6.112360000000000000e+15
