# M_low [Msun/h] M_high[Msun/h] Number M_total[Msun/h]
1.284356999999999971e+01 1.306325999999999965e+01 2.401340000000000000e+05 2.126121000000000000e+18
1.306325999999999965e+01 1.328294999999999959e+01 1.335020000000000000e+05 1.959521000000000000e+18
1.328294999999999959e+01 1.350263999999999953e+01 7.116300000000000000e+04 1.729790000000000000e+18
1.350263999999999953e+01 1.372232999999999947e+01 3.543200000000000000e+04 1.424072000000000000e+18
1.372232999999999947e+01 1.394203000000000081e+01 1.610100000000000000e+04 1.068571000000000000e+18
1.394203000000000081e+01 1.416172000000000075e+01 6.676000000000000000e+03 7.284320000000000000e+17
1.416172000000000075e+01 1.438141000000000069e+01 2.157000000000000000e+03 3.871392000000000000e+17
1.438141000000000069e+01 1.460110000000000063e+01 6.020000000000000000e+02 1.770721000000000000e+17
1.460110000000000063e+01 1.482079000000000057e+01 8.000000000000000000e+01 3.868777000000000000e+16
1.482079000000000057e+01 1.504048000000000052e+01 1.100000000000000000e+01 8.518390000000000000e+15
