2.134253000000000156e+03 1.888608999999999867e+02 9.589046999999999343e+01 7.892757000000000289e+01 2.916168000000000049e+01 2.463928000000000118e+00 4.814796000000000298e+00 4.810897999999999897e+00 1.906425000000000036e+00 -1.723190000000000000e+00
1.888608999999999867e+02 8.676439000000000306e+02 6.350853000000000037e+01 1.466075999999999979e+01 2.212856999999999985e+01 1.426895000000000024e+01 1.947360999999999898e+00 -3.598427000000000042e+00 6.959037999999999613e-01 -5.341110000000000024e-01
9.589046999999999343e+01 6.350853000000000037e+01 5.184542000000000144e+02 4.233901999999999610e+00 7.298218000000000316e+00 -1.871337999999999890e-01 2.191024999999999778e+00 -2.573090000000000099e+00 1.208571999999999980e+00 1.403503000000000112e-01
7.892757000000000289e+01 1.466075999999999979e+01 4.233901999999999610e+00 2.542817000000000007e+02 1.076019000000000059e+00 5.941498000000000168e+00 -3.662754000000000065e+00 1.290443000000000007e+00 2.641315000000000079e+00 9.746551999999999993e-02
2.916168000000000049e+01 2.212856999999999985e+01 7.298218000000000316e+00 1.076019000000000059e+00 1.106584000000000003e+02 7.859619000000000355e+00 -2.448334000000000010e+00 -1.216369999999999951e+00 3.898620999999999892e-01 2.588684000000000207e+00
2.463928000000000118e+00 1.426895000000000024e+01 -1.871337999999999890e-01 5.941498000000000168e+00 7.859619000000000355e+00 3.680297999999999803e+01 1.668609999999999927e+00 -4.678344999999999865e-01 -2.339171999999999918e-01 8.421020999999999646e-01
4.814796000000000298e+00 1.947360999999999898e+00 2.191024999999999778e+00 -3.662754000000000065e+00 -2.448334000000000010e+00 1.668609999999999927e+00 2.039563000000000059e+01 7.992171999999999610e-01 -9.941482999999999570e-02 -6.627655000000000352e-02
4.810897999999999897e+00 -3.598427000000000042e+00 -2.573090000000000099e+00 1.290443000000000007e+00 -1.216369999999999951e+00 -4.678344999999999865e-01 7.992171999999999610e-01 5.918105999999999867e+00 -3.508759000000000183e-02 -2.339172000000000126e-02
1.906425000000000036e+00 6.959037999999999613e-01 1.208571999999999980e+00 2.641315000000000079e+00 3.898620999999999892e-01 -2.339171999999999918e-01 -9.941482999999999570e-02 -3.508759000000000183e-02 2.976596999999999937e+00 -1.169586000000000063e-02
-1.723190000000000000e+00 -5.341110000000000024e-01 1.403503000000000112e-01 9.746551999999999993e-02 2.588684000000000207e+00 8.421020999999999646e-01 -6.627655000000000352e-02 -2.339172000000000126e-02 -1.169586000000000063e-02 1.988296999999999981e+00
