# M_low [Msun/h] M_high[Msun/h] Number M_total[Msun/h]
1.281189000000000000e+01 1.293688000000000038e+01 2.265700000000000000e+04 1.677315000000000000e+17
1.293688000000000038e+01 1.306188000000000038e+01 1.301000000000000000e+04 1.284731000000000000e+17
1.306188000000000038e+01 1.318687000000000076e+01 6.983000000000000000e+03 9.187832000000000000e+16
1.318687000000000076e+01 1.331187000000000076e+01 3.656000000000000000e+03 6.403517000000000000e+16
1.331187000000000076e+01 1.343685999999999936e+01 1.716000000000000000e+03 3.999970000000000000e+16
1.343685999999999936e+01 1.356184999999999974e+01 7.410000000000000000e+02 2.288301000000000000e+16
1.356184999999999974e+01 1.368684999999999974e+01 3.240000000000000000e+02 1.325241000000000000e+16
1.368684999999999974e+01 1.381184000000000012e+01 1.120000000000000000e+02 6.273858000000000000e+15
1.381184000000000012e+01 1.393684000000000012e+01 4.400000000000000000e+01 3.172901000000000000e+15
1.393684000000000012e+01 1.406183000000000050e+01 1.300000000000000000e+01 1.256413000000000000e+15
