# M_low [Msun/h] M_high[Msun/h] Number M_total[Msun/h]
1.281189000000000000e+01 1.304898999999999987e+01 2.665720000000000000e+05 2.237313000000000000e+18
1.304898999999999987e+01 1.328609999999999935e+01 1.452280000000000000e+05 2.105297000000000000e+18
1.328609999999999935e+01 1.352319999999999922e+01 7.615100000000000000e+04 1.898381000000000000e+18
1.352319999999999922e+01 1.376031000000000049e+01 3.763700000000000000e+04 1.614130000000000000e+18
1.376031000000000049e+01 1.399741000000000035e+01 1.676500000000000000e+04 1.237227000000000000e+18
1.399741000000000035e+01 1.423451000000000022e+01 6.551000000000000000e+03 8.265138000000000000e+17
1.423451000000000022e+01 1.447161999999999971e+01 2.254000000000000000e+03 4.851684000000000000e+17
1.447161999999999971e+01 1.470871999999999957e+01 5.400000000000000000e+02 1.959037000000000000e+17
1.470871999999999957e+01 1.494581999999999944e+01 1.130000000000000000e+02 6.917834000000000000e+16
1.494581999999999944e+01 1.518293000000000070e+01 8.000000000000000000e+00 8.025520000000000000e+15
