# M_low [Msun/h] M_high[Msun/h] Number M_total[Msun/h]
1.281189000000000000e+01 1.303382000000000041e+01 2.297880000000000000e+05 1.895796000000000000e+18
1.303382000000000041e+01 1.325575000000000081e+01 1.267670000000000000e+05 1.743475000000000000e+18
1.325575000000000081e+01 1.347766999999999982e+01 6.755000000000000000e+04 1.543739000000000000e+18
1.347766999999999982e+01 1.369960000000000022e+01 3.353700000000000000e+04 1.275180000000000000e+18
1.369960000000000022e+01 1.392153000000000063e+01 1.524500000000000000e+04 9.627019000000000000e+17
1.392153000000000063e+01 1.414345999999999925e+01 6.178000000000000000e+03 6.466552000000000000e+17
1.414345999999999925e+01 1.436538000000000004e+01 2.134000000000000000e+03 3.690910000000000000e+17
1.436538000000000004e+01 1.458731000000000044e+01 5.650000000000000000e+02 1.597371000000000000e+17
1.458731000000000044e+01 1.480924000000000085e+01 1.280000000000000000e+02 6.056065000000000000e+16
1.480924000000000085e+01 1.503116999999999948e+01 1.500000000000000000e+01 1.060704000000000000e+16
