# M_low [Msun/h] M_high[Msun/h] Number M_total[Msun/h]
1.281189000000000000e+01 1.302354000000000056e+01 1.973070000000000000e+05 1.608239000000000000e+18
1.302354000000000056e+01 1.323517999999999972e+01 1.091630000000000000e+05 1.449342000000000000e+18
1.323517999999999972e+01 1.344683000000000028e+01 5.756600000000000000e+04 1.238977000000000000e+18
1.344683000000000028e+01 1.365846999999999944e+01 2.865200000000000000e+04 1.002647000000000000e+18
1.365846999999999944e+01 1.387012000000000000e+01 1.282400000000000000e+04 7.273658000000000000e+17
1.387012000000000000e+01 1.408177000000000056e+01 5.194000000000000000e+03 4.760644000000000000e+17
1.408177000000000056e+01 1.429340999999999973e+01 1.808000000000000000e+03 2.687648000000000000e+17
1.429340999999999973e+01 1.450506000000000029e+01 4.760000000000000000e+02 1.148867000000000000e+17
1.450506000000000029e+01 1.471669999999999945e+01 1.140000000000000000e+02 4.366066000000000000e+16
1.471669999999999945e+01 1.492835000000000001e+01 1.000000000000000000e+01 5.889380000000000000e+15
