# M_low [Msun/h] M_high[Msun/h] Number M_total[Msun/h]
1.281189000000000000e+01 1.306708000000000069e+01 3.392620000000000000e+05 2.907653000000000000e+18
1.306708000000000069e+01 1.332226999999999961e+01 1.912860000000000000e+05 2.948947000000000000e+18
1.332226999999999961e+01 1.357746000000000031e+01 1.037060000000000000e+05 2.872189000000000000e+18
1.357746000000000031e+01 1.383264999999999922e+01 5.348000000000000000e+04 2.659110000000000000e+18
1.383264999999999922e+01 1.408783999999999992e+01 2.543400000000000000e+04 2.266734000000000000e+18
1.408783999999999992e+01 1.434304000000000023e+01 1.106700000000000000e+04 1.758501000000000000e+18
1.434304000000000023e+01 1.459822999999999915e+01 4.167000000000000000e+03 1.187723000000000000e+18
1.459822999999999915e+01 1.485341999999999985e+01 1.219000000000000000e+03 6.175883000000000000e+17
1.485341999999999985e+01 1.510861000000000054e+01 2.520000000000000000e+02 2.239493000000000000e+17
1.510861000000000054e+01 1.536379999999999946e+01 1.800000000000000000e+01 2.668500000000000000e+16
