# M_low [Msun/h] M_high[Msun/h] Number M_total[Msun/h]
1.281189000000000000e+01 1.306340999999999930e+01 3.230140000000000000e+05 2.756457000000000000e+18
1.306340999999999930e+01 1.331493000000000038e+01 1.809450000000000000e+05 2.753265000000000000e+18
1.331493000000000038e+01 1.356644999999999968e+01 9.700700000000000000e+04 2.628733000000000000e+18
1.356644999999999968e+01 1.381797000000000075e+01 4.930700000000000000e+04 2.377698000000000000e+18
1.381797000000000075e+01 1.406949000000000005e+01 2.314600000000000000e+04 1.984260000000000000e+18
1.406949000000000005e+01 1.432100999999999935e+01 9.743000000000000000e+03 1.478090000000000000e+18
1.432100999999999935e+01 1.457253000000000043e+01 3.565000000000000000e+03 9.602208000000000000e+17
1.457253000000000043e+01 1.482404999999999973e+01 9.990000000000000000e+02 4.752874000000000000e+17
1.482404999999999973e+01 1.507557000000000080e+01 1.930000000000000000e+02 1.578639000000000000e+17
1.507557000000000080e+01 1.532709000000000010e+01 1.100000000000000000e+01 1.482870000000000000e+16
