# M_low [Msun/h] M_high[Msun/h] Number M_total[Msun/h]
1.281189000000000000e+01 1.305654999999999966e+01 2.961540000000000000e+05 2.507570000000000000e+18
1.305654999999999966e+01 1.330120999999999931e+01 1.635170000000000000e+05 2.432853000000000000e+18
1.330120999999999931e+01 1.354587000000000074e+01 8.658500000000000000e+04 2.256369000000000000e+18
1.354587000000000074e+01 1.379053000000000040e+01 4.332200000000000000e+04 1.977187000000000000e+18
1.379053000000000040e+01 1.403519000000000005e+01 1.987900000000000000e+04 1.590029000000000000e+18
1.403519000000000005e+01 1.427984999999999971e+01 8.056000000000000000e+03 1.120254000000000000e+18
1.427984999999999971e+01 1.452450999999999937e+01 2.852000000000000000e+03 6.944986000000000000e+17
1.452450999999999937e+01 1.476917000000000080e+01 7.230000000000000000e+02 3.041592000000000000e+17
1.476917000000000080e+01 1.501383000000000045e+01 1.380000000000000000e+02 1.001848000000000000e+17
1.501383000000000045e+01 1.525849000000000011e+01 8.000000000000000000e+00 9.405200000000000000e+15
