# M_low [Msun/h] M_high[Msun/h] Number M_total[Msun/h]
1.281189000000000000e+01 1.300650000000000084e+01 1.623020000000000000e+05 1.299808000000000000e+18
1.300650000000000084e+01 1.320110000000000028e+01 9.147200000000000000e+04 1.148223000000000000e+18
1.320110000000000028e+01 1.339570999999999934e+01 4.935700000000000000e+04 9.664073000000000000e+17
1.339570999999999934e+01 1.359031000000000056e+01 2.498200000000000000e+04 7.642373000000000000e+17
1.359031000000000056e+01 1.378491999999999962e+01 1.168700000000000000e+04 5.580188000000000000e+17
1.378491999999999962e+01 1.397953000000000046e+01 4.960000000000000000e+03 3.690080000000000000e+17
1.397953000000000046e+01 1.417412999999999990e+01 1.841000000000000000e+03 2.133516000000000000e+17
1.417412999999999990e+01 1.436874000000000073e+01 5.590000000000000000e+02 1.008975000000000000e+17
1.436874000000000073e+01 1.456334000000000017e+01 1.400000000000000000e+02 3.815222000000000000e+16
1.456334000000000017e+01 1.475794999999999924e+01 2.400000000000000000e+01 1.003695000000000000e+16
