# M_low [Msun/h] M_high[Msun/h] Number M_total[Msun/h]
1.281189000000000000e+01 1.290619000000000050e+01 1.722000000000000000e+03 1.231967000000000000e+16
1.290619000000000050e+01 1.300048999999999921e+01 9.050000000000000000e+02 8.037730000000000000e+15
1.300048999999999921e+01 1.309478999999999971e+01 4.760000000000000000e+02 5.243024000000000000e+15
1.309478999999999971e+01 1.318909000000000020e+01 2.310000000000000000e+02 3.185999000000000000e+15
1.318909000000000020e+01 1.328339000000000070e+01 1.040000000000000000e+02 1.760076000000000000e+15
1.328339000000000070e+01 1.337768999999999942e+01 4.000000000000000000e+01 8.690120000000000000e+14
1.337768999999999942e+01 1.347198999999999991e+01 1.700000000000000000e+01 4.504930000000000000e+14
1.347198999999999991e+01 1.356629000000000040e+01 6.000000000000000000e+00 1.872790000000000000e+14
1.356629000000000040e+01 1.366058999999999912e+01 3.000000000000000000e+00 1.204860000000000000e+14
1.366058999999999912e+01 1.375488999999999962e+01 2.000000000000000000e+00 9.263400000000000000e+13
