# M_low [Msun/h] M_high[Msun/h] Number M_total[Msun/h]
1.281189000000000000e+01 1.299141000000000012e+01 1.313960000000000000e+05 1.034722000000000000e+18
1.299141000000000012e+01 1.317093000000000025e+01 7.561700000000000000e+04 9.006620000000000000e+17
1.317093000000000025e+01 1.335045000000000037e+01 4.136100000000000000e+04 7.439593000000000000e+17
1.335045000000000037e+01 1.352997000000000050e+01 2.143100000000000000e+04 5.809542000000000000e+17
1.352997000000000050e+01 1.370947999999999922e+01 1.032300000000000000e+04 4.221863000000000000e+17
1.370947999999999922e+01 1.388899999999999935e+01 4.531000000000000000e+03 2.795069000000000000e+17
1.388899999999999935e+01 1.406851999999999947e+01 1.783000000000000000e+03 1.653507000000000000e+17
1.406851999999999947e+01 1.424803999999999959e+01 6.020000000000000000e+02 8.339870000000000000e+16
1.424803999999999959e+01 1.442755999999999972e+01 1.730000000000000000e+02 3.622690000000000000e+16
1.442755999999999972e+01 1.460707999999999984e+01 2.600000000000000000e+01 8.301190000000000000e+15
