# M_low [Msun/h] M_high[Msun/h] Number M_total[Msun/h]
1.284674000000000049e+01 1.299823999999999913e+01 6.262000000000000000e+04 5.176817000000000000e+17
1.299823999999999913e+01 1.314973999999999954e+01 3.542400000000000000e+04 4.152609000000000000e+17
1.314973999999999954e+01 1.330123999999999995e+01 1.934500000000000000e+04 3.200250000000000000e+17
1.330123999999999995e+01 1.345274000000000036e+01 9.445000000000000000e+03 2.213105000000000000e+17
1.345274000000000036e+01 1.360424000000000078e+01 4.395000000000000000e+03 1.454872000000000000e+17
1.360424000000000078e+01 1.375573999999999941e+01 1.874000000000000000e+03 8.751990000000000000e+16
1.375573999999999941e+01 1.390723999999999982e+01 6.480000000000000000e+02 4.278392000000000000e+16
1.390723999999999982e+01 1.405874999999999986e+01 2.390000000000000000e+02 2.241278000000000000e+16
1.405874999999999986e+01 1.421025000000000027e+01 4.900000000000000000e+01 6.438470000000000000e+15
1.421025000000000027e+01 1.436175000000000068e+01 1.500000000000000000e+01 2.791580000000000000e+15
