# M_low [Msun/h] M_high[Msun/h] Number M_total[Msun/h]
1.284674000000000049e+01 1.312078999999999951e+01 3.727080000000000000e+05 3.535549000000000000e+18
1.312078999999999951e+01 1.339484999999999992e+01 2.087280000000000000e+05 3.721687000000000000e+18
1.339484999999999992e+01 1.366891000000000034e+01 1.127640000000000000e+05 3.776091000000000000e+18
1.366891000000000034e+01 1.394295999999999935e+01 5.787400000000000000e+04 3.630613000000000000e+18
1.394295999999999935e+01 1.421701999999999977e+01 2.803200000000000000e+04 3.295185000000000000e+18
1.421701999999999977e+01 1.449107000000000056e+01 1.226100000000000000e+04 2.684639000000000000e+18
1.449107000000000056e+01 1.476512999999999920e+01 4.381000000000000000e+03 1.783384000000000000e+18
1.476512999999999920e+01 1.503917999999999999e+01 1.205000000000000000e+03 9.133904000000000000e+17
1.503917999999999999e+01 1.531324000000000041e+01 2.190000000000000000e+02 3.021699000000000000e+17
1.531324000000000041e+01 1.558730000000000082e+01 2.800000000000000000e+01 6.955000000000000000e+16
