1.677950000000000000e+06 8.817373000000000466e+05 5.629106999999999534e+05 3.260477999999999884e+05 1.581068999999999942e+05 7.996788999999999942e+04 3.409776000000000204e+04 1.151936000000000058e+04 2.146969999999999800e+03 7.057282999999999618e+01
8.817373000000000466e+05 6.864486999999999534e+05 3.599917000000000116e+05 2.130507000000000116e+05 1.006050000000000000e+05 4.906027999999999884e+04 2.127870999999999913e+04 6.744909999999999854e+03 1.084260999999999967e+03 6.774633000000000038e+01
5.629106999999999534e+05 3.599917000000000116e+05 3.030539000000000233e+05 1.353492000000000116e+05 6.524783000000000175e+04 3.115402000000000044e+04 1.423719000000000051e+04 4.516443000000000211e+03 9.022187999999999874e+02 1.583074000000000012e+02
3.260477999999999884e+05 2.130507000000000116e+05 1.353492000000000116e+05 1.197203999999999942e+05 3.827833000000000175e+04 1.941027000000000044e+04 8.649549999999999272e+03 2.817346000000000004e+03 5.189922000000000253e+02 4.210900000000000176e+01
1.581068999999999942e+05 1.006050000000000000e+05 6.524783000000000175e+04 3.827833000000000175e+04 3.531112000000000262e+04 9.049876000000000204e+03 4.447952000000000226e+03 1.484032999999999902e+03 1.953988999999999976e+02 2.209738000000000113e+01
7.996788999999999942e+04 4.906027999999999884e+04 3.115402000000000044e+04 1.941027000000000044e+04 9.049876000000000204e+03 1.080860000000000036e+04 2.130338999999999942e+03 5.978768999999999778e+02 1.363970999999999947e+02 2.522017999999999915e+01
3.409776000000000204e+04 2.127870999999999913e+04 1.423719000000000051e+04 8.649549999999999272e+03 4.447952000000000226e+03 2.130338999999999942e+03 2.856378999999999905e+03 3.660960999999999785e+02 1.231963999999999970e+01 -8.062347000000000818e+00
1.151936000000000058e+04 6.744909999999999854e+03 4.516443000000000211e+03 2.817346000000000004e+03 1.484032999999999902e+03 5.978768999999999778e+02 3.660960999999999785e+02 5.757482999999999720e+02 2.401549999999999940e+01 1.528259000000000034e+00
2.146969999999999800e+03 1.084260999999999967e+03 9.022187999999999874e+02 5.189922000000000253e+02 1.953988999999999976e+02 1.363970999999999947e+02 1.231963999999999970e+01 2.401549999999999940e+01 9.004254000000000246e+01 3.586731000000000225e-01
7.057282999999999618e+01 6.774633000000000038e+01 1.583074000000000012e+02 4.210900000000000176e+01 2.209738000000000113e+01 2.522017999999999915e+01 -8.062347000000000818e+00 1.528259000000000034e+00 3.586731000000000225e-01 9.785538000000000736e+00
