# M_low [Msun/h] M_high[Msun/h] Number M_total[Msun/h]
1.284674000000000049e+01 1.295138999999999996e+01 9.621000000000000000e+03 7.544852000000000000e+16
1.295138999999999996e+01 1.305603999999999942e+01 5.510000000000000000e+03 5.504825000000000000e+16
1.305603999999999942e+01 1.316069000000000067e+01 3.063000000000000000e+03 3.888245000000000000e+16
1.316069000000000067e+01 1.326534000000000013e+01 1.558000000000000000e+03 2.528438000000000000e+16
1.326534000000000013e+01 1.336998999999999960e+01 7.590000000000000000e+02 1.558725000000000000e+16
1.336998999999999960e+01 1.347464000000000084e+01 3.600000000000000000e+02 9.356489000000000000e+15
1.347464000000000084e+01 1.357929000000000030e+01 1.590000000000000000e+02 5.252436000000000000e+15
1.357929000000000030e+01 1.368393999999999977e+01 5.900000000000000000e+01 2.465328000000000000e+15
1.368393999999999977e+01 1.378857999999999961e+01 3.200000000000000000e+01 1.694059000000000000e+15
1.378857999999999961e+01 1.389323000000000086e+01 8.000000000000000000e+00 5.481390000000000000e+14
