# M_low [Msun/h] M_high[Msun/h] Number M_total[Msun/h]
1.284674000000000049e+01 1.308674000000000071e+01 2.981260000000000000e+05 2.724482000000000000e+18
1.308674000000000071e+01 1.332675000000000054e+01 1.679670000000000000e+05 2.664634000000000000e+18
1.332675000000000054e+01 1.356675000000000075e+01 9.197200000000000000e+04 2.529833000000000000e+18
1.356675000000000075e+01 1.380674999999999919e+01 4.733200000000000000e+04 2.255548000000000000e+18
1.380674999999999919e+01 1.404674999999999940e+01 2.258900000000000000e+04 1.861713000000000000e+18
1.404674999999999940e+01 1.428675999999999924e+01 9.665000000000000000e+03 1.376265000000000000e+18
1.428675999999999924e+01 1.452675999999999945e+01 3.438000000000000000e+03 8.414228000000000000e+17
1.452675999999999945e+01 1.476675999999999966e+01 9.210000000000000000e+02 3.878996000000000000e+17
1.476675999999999966e+01 1.500676999999999950e+01 1.970000000000000000e+02 1.413246000000000000e+17
1.500676999999999950e+01 1.524676999999999971e+01 2.400000000000000000e+01 2.961350000000000000e+16
