# M_low [Msun/h] M_high[Msun/h] Number M_total[Msun/h]
1.284674000000000049e+01 1.309412000000000020e+01 3.208910000000000000e+05 2.956829000000000000e+18
1.309412000000000020e+01 1.334150999999999954e+01 1.828400000000000000e+05 2.977037000000000000e+18
1.334150999999999954e+01 1.358888999999999925e+01 1.003340000000000000e+05 2.881684000000000000e+18
1.358888999999999925e+01 1.383628000000000036e+01 5.241500000000000000e+04 2.650378000000000000e+18
1.383628000000000036e+01 1.408366000000000007e+01 2.573800000000000000e+04 2.292389000000000000e+18
1.408366000000000007e+01 1.433104999999999940e+01 1.131900000000000000e+04 1.772999000000000000e+18
1.433104999999999940e+01 1.457843000000000089e+01 4.107000000000000000e+03 1.127948000000000000e+18
1.457843000000000089e+01 1.482581000000000060e+01 1.157000000000000000e+03 5.530704000000000000e+17
1.482581000000000060e+01 1.507319999999999993e+01 2.660000000000000000e+02 2.184226000000000000e+17
1.507319999999999993e+01 1.532057999999999964e+01 3.800000000000000000e+01 5.448630000000000000e+16
