# M_low [Msun/h] M_high[Msun/h] Number M_total[Msun/h]
1.284674000000000049e+01 1.307403000000000048e+01 2.473620000000000000e+05 2.225399000000000000e+18
1.307403000000000048e+01 1.330133000000000010e+01 1.369150000000000000e+05 2.077226000000000000e+18
1.330133000000000010e+01 1.352862000000000009e+01 7.308200000000000000e+04 1.866440000000000000e+18
1.352862000000000009e+01 1.375591999999999970e+01 3.603500000000000000e+04 1.548841000000000000e+18
1.375591999999999970e+01 1.398320999999999970e+01 1.642800000000000000e+04 1.185230000000000000e+18
1.398320999999999970e+01 1.421050999999999931e+01 6.335000000000000000e+03 7.670658000000000000e+17
1.421050999999999931e+01 1.443779999999999930e+01 2.052000000000000000e+03 4.141254000000000000e+17
1.443779999999999930e+01 1.466510000000000069e+01 5.360000000000000000e+02 1.807365000000000000e+17
1.466510000000000069e+01 1.489239000000000068e+01 8.400000000000000000e+01 4.640918000000000000e+16
1.489239000000000068e+01 1.511968000000000067e+01 1.000000000000000000e+01 8.769600000000000000e+15
