# M_low [Msun/h] M_high[Msun/h] Number M_total[Msun/h]
1.284674000000000049e+01 1.306457999999999942e+01 2.193050000000000000e+05 1.952230000000000000e+18
1.306457999999999942e+01 1.328241000000000049e+01 1.204470000000000000e+05 1.769759000000000000e+18
1.328241000000000049e+01 1.350024999999999942e+01 6.372900000000000000e+04 1.542582000000000000e+18
1.350024999999999942e+01 1.371808000000000050e+01 3.148000000000000000e+04 1.252665000000000000e+18
1.371808000000000050e+01 1.393591999999999942e+01 1.413000000000000000e+04 9.252809000000000000e+17
1.393591999999999942e+01 1.415376000000000012e+01 5.379000000000000000e+03 5.776665000000000000e+17
1.415376000000000012e+01 1.437158999999999942e+01 1.743000000000000000e+03 3.064371000000000000e+17
1.437158999999999942e+01 1.458943000000000012e+01 4.330000000000000000e+02 1.242837000000000000e+17
1.458943000000000012e+01 1.480725999999999942e+01 7.600000000000000000e+01 3.479293000000000000e+16
1.480725999999999942e+01 1.502510000000000012e+01 8.000000000000000000e+00 6.096270000000000000e+15
