# M_low [Msun/h] M_high[Msun/h] Number M_total[Msun/h]
1.284674000000000049e+01 1.310692000000000057e+01 3.482580000000000000e+05 3.256515000000000000e+18
1.310692000000000057e+01 1.336711000000000027e+01 1.957790000000000000e+05 3.333455000000000000e+18
1.336711000000000027e+01 1.362729999999999997e+01 1.075130000000000000e+05 3.324745000000000000e+18
1.362729999999999997e+01 1.388748000000000005e+01 5.554400000000000000e+04 3.116154000000000000e+18
1.388748000000000005e+01 1.414766999999999975e+01 2.714600000000000000e+04 2.763255000000000000e+18
1.414766999999999975e+01 1.440784999999999982e+01 1.187800000000000000e+04 2.185371000000000000e+18
1.440784999999999982e+01 1.466803999999999952e+01 4.327000000000000000e+03 1.431875000000000000e+18
1.466803999999999952e+01 1.492822999999999922e+01 1.234000000000000000e+03 7.366543000000000000e+17
1.492822999999999922e+01 1.518840999999999930e+01 2.430000000000000000e+02 2.559632000000000000e+17
1.518840999999999930e+01 1.544860000000000078e+01 3.300000000000000000e+01 6.313760000000000000e+16
