# M_low [Msun/h] M_high[Msun/h] Number M_total[Msun/h]
1.284674000000000049e+01 1.307757999999999932e+01 2.710940000000000000e+05 2.450546000000000000e+18
1.307757999999999932e+01 1.330841999999999992e+01 1.526970000000000000e+05 2.348547000000000000e+18
1.330841999999999992e+01 1.353924999999999912e+01 8.289600000000000000e+04 2.166375000000000000e+18
1.353924999999999912e+01 1.377008999999999972e+01 4.230300000000000000e+04 1.872125000000000000e+18
1.377008999999999972e+01 1.400093000000000032e+01 2.014300000000000000e+04 1.511127000000000000e+18
1.400093000000000032e+01 1.423176999999999914e+01 8.332000000000000000e+03 1.059580000000000000e+18
1.423176999999999914e+01 1.446260999999999974e+01 2.864000000000000000e+03 6.102582000000000000e+17
1.446260999999999974e+01 1.469345000000000034e+01 7.940000000000000000e+02 2.854839000000000000e+17
1.469345000000000034e+01 1.492427999999999955e+01 1.590000000000000000e+02 9.481453000000000000e+16
1.492427999999999955e+01 1.515512000000000015e+01 2.100000000000000000e+01 2.149992000000000000e+16
