# M_low [Msun/h] M_high[Msun/h] Number M_total[Msun/h]
1.284674000000000049e+01 1.312673000000000023e+01 3.857260000000000000e+05 3.687952000000000000e+18
1.312673000000000023e+01 1.340671000000000035e+01 2.142880000000000000e+05 3.904866000000000000e+18
1.340671000000000035e+01 1.368670000000000009e+01 1.164410000000000000e+05 4.034183000000000000e+18
1.368670000000000009e+01 1.396668000000000021e+01 6.010500000000000000e+04 3.959127000000000000e+18
1.396668000000000021e+01 1.424666999999999994e+01 2.927000000000000000e+04 3.660235000000000000e+18
1.424666999999999994e+01 1.452665999999999968e+01 1.306100000000000000e+04 3.086913000000000000e+18
1.452665999999999968e+01 1.480663999999999980e+01 4.705000000000000000e+03 2.089811000000000000e+18
1.480663999999999980e+01 1.508662999999999954e+01 1.307000000000000000e+03 1.098284000000000000e+18
1.508662999999999954e+01 1.536660999999999966e+01 2.610000000000000000e+02 4.052195000000000000e+17
1.536660999999999966e+01 1.564659999999999940e+01 3.000000000000000000e+01 8.306760000000000000e+16
