# M_low [Msun/h] M_high[Msun/h] Number M_total[Msun/h]
1.287064999999999948e+01 1.313954999999999984e+01 3.860220000000000000e+05 3.852335000000000000e+18
1.313954999999999984e+01 1.340845999999999982e+01 2.190250000000000000e+05 4.059073000000000000e+18
1.340845999999999982e+01 1.367736000000000018e+01 1.219990000000000000e+05 4.190982000000000000e+18
1.367736000000000018e+01 1.394626000000000055e+01 6.490400000000000000e+04 4.131689000000000000e+18
1.394626000000000055e+01 1.421515999999999913e+01 3.232700000000000000e+04 3.810427000000000000e+18
1.421515999999999913e+01 1.448406999999999911e+01 1.454900000000000000e+04 3.159107000000000000e+18
1.448406999999999911e+01 1.475296999999999947e+01 5.419000000000000000e+03 2.170475000000000000e+18
1.475296999999999947e+01 1.502186999999999983e+01 1.684000000000000000e+03 1.225188000000000000e+18
1.502186999999999983e+01 1.529077999999999982e+01 3.390000000000000000e+02 4.502724000000000000e+17
1.529077999999999982e+01 1.555968000000000018e+01 4.400000000000000000e+01 1.035657000000000000e+17
