# M_low [Msun/h] M_high[Msun/h] Number M_total[Msun/h]
1.287064999999999948e+01 1.313016000000000005e+01 3.672810000000000000e+05 3.625217000000000000e+18
1.313016000000000005e+01 1.338967000000000063e+01 2.089320000000000000e+05 3.748067000000000000e+18
1.338967000000000063e+01 1.364917999999999942e+01 1.164500000000000000e+05 3.792004000000000000e+18
1.364917999999999942e+01 1.390869000000000000e+01 6.133100000000000000e+04 3.620663000000000000e+18
1.390869000000000000e+01 1.416820000000000057e+01 2.998700000000000000e+04 3.202550000000000000e+18
1.416820000000000057e+01 1.442770999999999937e+01 1.345300000000000000e+04 2.592224000000000000e+18
1.442770999999999937e+01 1.468721999999999994e+01 4.922000000000000000e+03 1.715496000000000000e+18
1.468721999999999994e+01 1.494673000000000052e+01 1.478000000000000000e+03 9.175691000000000000e+17
1.494673000000000052e+01 1.520623999999999931e+01 2.920000000000000000e+02 3.216194000000000000e+17
1.520623999999999931e+01 1.546574999999999989e+01 4.100000000000000000e+01 7.812560000000000000e+16
