# M_low [Msun/h] M_high[Msun/h] Number M_total[Msun/h]
1.287064999999999948e+01 1.310474999999999923e+01 2.980420000000000000e+05 2.856547000000000000e+18
1.310474999999999923e+01 1.333886000000000038e+01 1.688860000000000000e+05 2.772679000000000000e+18
1.333886000000000038e+01 1.357296000000000014e+01 9.212500000000000000e+04 2.588737000000000000e+18
1.357296000000000014e+01 1.380705999999999989e+01 4.707500000000000000e+04 2.260875000000000000e+18
1.380705999999999989e+01 1.404116999999999926e+01 2.214200000000000000e+04 1.817351000000000000e+18
1.404116999999999926e+01 1.427527000000000079e+01 9.165000000000000000e+03 1.280583000000000000e+18
1.427527000000000079e+01 1.450937000000000054e+01 3.243000000000000000e+03 7.677906000000000000e+17
1.450937000000000054e+01 1.474347000000000030e+01 8.230000000000000000e+02 3.308876000000000000e+17
1.474347000000000030e+01 1.497757999999999967e+01 1.500000000000000000e+02 9.929964000000000000e+16
1.497757999999999967e+01 1.521167999999999942e+01 2.300000000000000000e+01 2.454140000000000000e+16
