# M_low [Msun/h] M_high[Msun/h] Number M_total[Msun/h]
1.287064999999999948e+01 1.314603999999999928e+01 3.977980000000000000e+05 4.001797000000000000e+18
1.314603999999999928e+01 1.342143000000000086e+01 2.246580000000000000e+05 4.261917000000000000e+18
1.342143000000000086e+01 1.369682000000000066e+01 1.248250000000000000e+05 4.450186000000000000e+18
1.369682000000000066e+01 1.397221000000000046e+01 6.677200000000000000e+04 4.474859000000000000e+18
1.397221000000000046e+01 1.424759000000000064e+01 3.346500000000000000e+04 4.215079000000000000e+18
1.424759000000000064e+01 1.452298000000000044e+01 1.530900000000000000e+04 3.609302000000000000e+18
1.452298000000000044e+01 1.479837000000000025e+01 5.688000000000000000e+03 2.516526000000000000e+18
1.479837000000000025e+01 1.507376000000000005e+01 1.775000000000000000e+03 1.445216000000000000e+18
1.507376000000000005e+01 1.534914999999999985e+01 3.650000000000000000e+02 5.452023000000000000e+17
1.534914999999999985e+01 1.562453999999999965e+01 4.700000000000000000e+01 1.293632000000000000e+17
