2.820175999999999767e+05 1.220573000000000029e+05 8.322458999999999651e+04 4.320372000000000116e+04 2.435413000000000102e+04 1.142320000000000073e+04 4.312427999999999884e+03 1.244942999999999984e+03 4.579476000000000226e+02 1.389545999999999992e+02
1.220573000000000029e+05 1.278833999999999942e+05 4.806062000000000262e+04 2.760134999999999854e+04 1.554020999999999913e+04 7.216662999999999556e+03 2.724489000000000033e+03 8.401331999999999880e+02 3.102989999999999782e+02 3.177375999999999934e+01
8.322458999999999651e+04 4.806062000000000262e+04 5.570470999999999913e+04 1.833570999999999913e+04 1.004579999999999927e+04 4.661479000000000269e+03 2.140514000000000124e+03 5.798885999999999967e+02 1.118435999999999950e+02 6.972293000000000518e+01
4.320372000000000116e+04 2.760134999999999854e+04 1.833570999999999913e+04 2.135916999999999825e+04 5.643760000000000218e+03 2.553510999999999967e+03 1.242085000000000036e+03 3.489343000000000075e+02 6.219080000000000297e+01 2.624550999999999945e+01
2.435413000000000102e+04 1.554020999999999913e+04 1.004579999999999927e+04 5.643760000000000218e+03 8.756082000000000335e+03 1.931955999999999904e+03 6.273699000000000296e+02 2.206132000000000062e+02 5.609335000000000093e+01 1.395316000000000045e+01
1.142320000000000073e+04 7.216662999999999556e+03 4.661479000000000269e+03 2.553510999999999967e+03 1.931955999999999904e+03 2.878552000000000135e+03 3.535541999999999803e+02 8.262152000000000385e+01 1.464321999999999946e+01 1.003115000000000023e+01
4.312427999999999884e+03 2.724489000000000033e+03 2.140514000000000124e+03 1.242085000000000036e+03 6.273699000000000296e+02 3.535541999999999803e+02 7.867027000000000498e+02 4.859631000000000256e+01 4.335265999999999842e+00 1.033134000000000086e+01
1.244942999999999984e+03 8.401331999999999880e+02 5.798885999999999967e+02 3.489343000000000075e+02 2.206132000000000062e+02 8.262152000000000385e+01 4.859631000000000256e+01 2.113344999999999914e+02 2.074066000000000187e+00 3.754372000000000043e+00
4.579476000000000226e+02 3.102989999999999782e+02 1.118435999999999950e+02 6.219080000000000297e+01 5.609335000000000093e+01 1.464321999999999946e+01 4.335265999999999842e+00 2.074066000000000187e+00 3.680297999999999803e+01 5.302124000000000281e-01
1.389545999999999992e+02 3.177375999999999934e+01 6.972293000000000518e+01 2.624550999999999945e+01 1.395316000000000045e+01 1.003115000000000023e+01 1.033134000000000086e+01 3.754372000000000043e+00 5.302124000000000281e-01 5.918105999999999867e+00
