# M_low [Msun/h] M_high[Msun/h] Number M_total[Msun/h]
1.287064999999999948e+01 1.311101999999999990e+01 3.212940000000000000e+05 3.102670000000000000e+18
1.311101999999999990e+01 1.335139000000000031e+01 1.835140000000000000e+05 3.082675000000000000e+18
1.335139000000000031e+01 1.359176000000000073e+01 1.014440000000000000e+05 2.958238000000000000e+18
1.359176000000000073e+01 1.383212999999999937e+01 5.273200000000000000e+04 2.666504000000000000e+18
1.383212999999999937e+01 1.407249999999999979e+01 2.550700000000000000e+04 2.236928000000000000e+18
1.407249999999999979e+01 1.431287000000000020e+01 1.095500000000000000e+04 1.664361000000000000e+18
1.431287000000000020e+01 1.455322999999999922e+01 3.977000000000000000e+03 1.041218000000000000e+18
1.455322999999999922e+01 1.479359999999999964e+01 1.090000000000000000e+03 4.902701000000000000e+17
1.479359999999999964e+01 1.503397000000000006e+01 2.050000000000000000e+02 1.569298000000000000e+17
1.503397000000000006e+01 1.527434000000000047e+01 2.900000000000000000e+01 3.672510000000000000e+16
