# M_low [Msun/h] M_high[Msun/h] Number M_total[Msun/h]
1.287064999999999948e+01 1.308769000000000027e+01 2.438400000000000000e+05 2.292101000000000000e+18
1.308769000000000027e+01 1.330472999999999928e+01 1.364990000000000000e+05 2.114164000000000000e+18
1.330472999999999928e+01 1.352177000000000007e+01 7.349600000000000000e+04 1.871368000000000000e+18
1.352177000000000007e+01 1.373879999999999946e+01 3.676400000000000000e+04 1.538479000000000000e+18
1.373879999999999946e+01 1.395584000000000024e+01 1.701700000000000000e+04 1.168512000000000000e+18
1.395584000000000024e+01 1.417287999999999926e+01 6.822000000000000000e+03 7.673223000000000000e+17
1.417287999999999926e+01 1.438992000000000004e+01 2.313000000000000000e+03 4.261375000000000000e+17
1.438992000000000004e+01 1.460696000000000083e+01 5.490000000000000000e+02 1.649905000000000000e+17
1.460696000000000083e+01 1.482399999999999984e+01 1.020000000000000000e+02 5.023938000000000000e+16
1.482399999999999984e+01 1.504104000000000063e+01 1.000000000000000000e+01 7.261830000000000000e+15
