# M_low [Msun/h] M_high[Msun/h] Number M_total[Msun/h]
1.287064999999999948e+01 1.312111999999999945e+01 3.460490000000000000e+05 3.383063000000000000e+18
1.312111999999999945e+01 1.337157999999999980e+01 1.962590000000000000e+05 3.414738000000000000e+18
1.337157999999999980e+01 1.362204999999999977e+01 1.094110000000000000e+05 3.380866000000000000e+18
1.362204999999999977e+01 1.387251999999999974e+01 5.709300000000000000e+04 3.129765000000000000e+18
1.387251999999999974e+01 1.412298000000000009e+01 2.766700000000000000e+04 2.689362000000000000e+18
1.412298000000000009e+01 1.437345000000000006e+01 1.220300000000000000e+04 2.099565000000000000e+18
1.437345000000000006e+01 1.462392000000000003e+01 4.399000000000000000e+03 1.338053000000000000e+18
1.462392000000000003e+01 1.487438000000000038e+01 1.232000000000000000e+03 6.537646000000000000e+17
1.487438000000000038e+01 1.512485000000000035e+01 2.450000000000000000e+02 2.274965000000000000e+17
1.512485000000000035e+01 1.537532000000000032e+01 2.900000000000000000e+01 4.677430000000000000e+16
