# M_low [Msun/h] M_high[Msun/h] Number M_total[Msun/h]
1.287064999999999948e+01 1.303153999999999968e+01 8.301000000000000000e+04 7.319956000000000000e+17
1.303153999999999968e+01 1.319242999999999988e+01 4.609400000000000000e+04 5.884573000000000000e+17
1.319242999999999988e+01 1.335332000000000008e+01 2.433200000000000000e+04 4.495541000000000000e+17
1.335332000000000008e+01 1.351421000000000028e+01 1.183600000000000000e+04 3.151956000000000000e+17
1.351421000000000028e+01 1.367510000000000048e+01 5.463000000000000000e+03 2.104236000000000000e+17
1.367510000000000048e+01 1.383599000000000068e+01 2.129000000000000000e+03 1.181509000000000000e+17
1.383599000000000068e+01 1.399688000000000088e+01 7.380000000000000000e+02 5.842642000000000000e+16
1.399688000000000088e+01 1.415776999999999930e+01 1.910000000000000000e+02 2.182050000000000000e+16
1.415776999999999930e+01 1.431865999999999950e+01 4.000000000000000000e+01 6.501290000000000000e+15
1.431865999999999950e+01 1.447954999999999970e+01 6.000000000000000000e+00 1.382340000000000000e+15
