1.304611000000000000e+06 7.040564000000000233e+05 4.273047999999999884e+05 2.571457999999999884e+05 1.451547000000000116e+05 7.272219000000000233e+04 2.657175000000000000e+04 9.438280000000000655e+03 3.020588999999999942e+03 4.441308999999999685e+01
7.040564000000000233e+05 5.763730000000000000e+05 2.750209000000000233e+05 1.656058999999999942e+05 9.494464999999999418e+04 4.539762000000000262e+04 1.774836999999999898e+04 6.248586000000000240e+03 1.724464999999999918e+03 4.890820000000000078e+01
4.273047999999999884e+05 2.750209000000000233e+05 2.447778999999999942e+05 1.009621000000000058e+05 6.020701000000000204e+04 2.793354999999999927e+04 1.111332999999999993e+04 2.992909000000000106e+03 1.028207000000000107e+03 4.045208999999999833e+01
2.571457999999999884e+05 1.656058999999999942e+05 1.009621000000000058e+05 9.970136000000000058e+04 3.495523000000000320e+04 1.889943999999999869e+04 6.769510000000000218e+03 2.598141999999999825e+03 7.095334000000000287e+02 2.191025000000000134e+01
1.451547000000000116e+05 9.494464999999999418e+04 6.020701000000000204e+04 3.495523000000000320e+04 3.918772000000000116e+04 9.999201999999999316e+03 4.643286000000000058e+03 1.703921000000000049e+03 4.200724999999999909e+02 -3.625716999999999968e-01
7.272219000000000233e+04 4.539762000000000262e+04 2.793354999999999927e+04 1.889943999999999869e+04 9.999201999999999316e+03 1.206057999999999993e+04 2.007153999999999996e+03 7.425507999999999811e+02 1.885606999999999971e+02 1.273288999999999938e+01
2.657175000000000000e+04 1.774836999999999898e+04 1.111332999999999993e+04 6.769510000000000218e+03 4.643286000000000058e+03 2.007153999999999996e+03 3.263454999999999927e+03 3.082463999999999942e+02 5.809335000000000093e+01 2.078355000000000175e+01
9.438280000000000655e+03 6.248586000000000240e+03 2.992909000000000106e+03 2.598141999999999825e+03 1.703921000000000049e+03 7.425507999999999811e+02 3.082463999999999942e+02 6.730090999999999894e+02 4.553979000000000354e+01 1.274848999999999899e+00
3.020588999999999942e+03 1.724464999999999918e+03 1.028207000000000107e+03 7.095334000000000287e+02 4.200724999999999909e+02 1.885606999999999971e+02 5.809335000000000093e+01 4.553979000000000354e+01 1.254342000000000041e+02 7.797240999999999894e-03
4.441308999999999685e+01 4.890820000000000078e+01 4.045208999999999833e+01 2.191025000000000134e+01 -3.625716999999999968e-01 1.273288999999999938e+01 2.078355000000000175e+01 1.274848999999999899e+00 7.797240999999999894e-03 9.785538000000000736e+00
