# M_low [Msun/h] M_high[Msun/h] Number M_total[Msun/h]
1.287064999999999948e+01 1.299971999999999994e+01 1.692800000000000000e+04 1.439525000000000000e+17
1.299971999999999994e+01 1.312879000000000040e+01 8.757000000000000000e+03 1.005057000000000000e+17
1.312879000000000040e+01 1.325786000000000087e+01 4.299000000000000000e+03 6.603509000000000000e+16
1.325786000000000087e+01 1.338692999999999955e+01 1.947000000000000000e+03 4.026091000000000000e+16
1.338692999999999955e+01 1.351599000000000039e+01 7.870000000000000000e+02 2.170340000000000000e+16
1.351599000000000039e+01 1.364506000000000085e+01 2.870000000000000000e+02 1.067280000000000000e+16
1.364506000000000085e+01 1.377412999999999954e+01 9.000000000000000000e+01 4.435847000000000000e+15
1.377412999999999954e+01 1.390320000000000000e+01 2.000000000000000000e+01 1.298679000000000000e+15
1.390320000000000000e+01 1.403227000000000046e+01 5.000000000000000000e+00 4.526200000000000000e+14
