# M_low [Msun/h] M_high[Msun/h] Number M_total[Msun/h]
1.287064999999999948e+01 1.309373000000000076e+01 2.698920000000000000e+05 2.557761000000000000e+18
1.309373000000000076e+01 1.331681000000000026e+01 1.520760000000000000e+05 2.407130000000000000e+18
1.331681000000000026e+01 1.353989999999999938e+01 8.317300000000000000e+04 2.193808000000000000e+18
1.353989999999999938e+01 1.376298000000000066e+01 4.253900000000000000e+04 1.867789000000000000e+18
1.376298000000000066e+01 1.398606000000000016e+01 2.004700000000000000e+04 1.465784000000000000e+18
1.398606000000000016e+01 1.420913999999999966e+01 8.401000000000000000e+03 1.017700000000000000e+18
1.420913999999999966e+01 1.443223000000000056e+01 2.975000000000000000e+03 5.983888000000000000e+17
1.443223000000000056e+01 1.465531000000000006e+01 7.590000000000000000e+02 2.535461000000000000e+17
1.465531000000000006e+01 1.487838999999999956e+01 1.450000000000000000e+02 7.858482000000000000e+16
1.487838999999999956e+01 1.510147000000000084e+01 2.100000000000000000e+01 1.779366000000000000e+16
