# M_low [Msun/h] M_high[Msun/h] Number M_total[Msun/h]
1.280166999999999966e+01 1.305761000000000038e+01 3.193050000000000000e+05 2.675489000000000000e+18
1.305761000000000038e+01 1.331353999999999971e+01 1.770120000000000000e+05 2.672006000000000000e+18
1.331353999999999971e+01 1.356947000000000081e+01 9.478500000000000000e+04 2.570384000000000000e+18
1.356947000000000081e+01 1.382540999999999976e+01 4.706600000000000000e+04 2.294908000000000000e+18
1.382540999999999976e+01 1.408134000000000086e+01 2.175300000000000000e+04 1.904440000000000000e+18
1.408134000000000086e+01 1.433727000000000018e+01 8.774000000000000000e+03 1.370562000000000000e+18
1.433727000000000018e+01 1.459320999999999913e+01 3.003000000000000000e+03 8.350678000000000000e+17
1.459320999999999913e+01 1.484914000000000023e+01 7.400000000000000000e+02 3.669713000000000000e+17
1.484914000000000023e+01 1.510507999999999917e+01 1.440000000000000000e+02 1.255659000000000000e+17
1.510507999999999917e+01 1.536101000000000028e+01 1.400000000000000000e+01 2.231240000000000000e+16
