# M_low [Msun/h] M_high[Msun/h] Number M_total[Msun/h]
1.280166999999999966e+01 1.303919999999999924e+01 2.654730000000000000e+05 2.178247000000000000e+18
1.303919999999999924e+01 1.327671999999999919e+01 1.467290000000000000e+05 2.079805000000000000e+18
1.327671999999999919e+01 1.351425000000000054e+01 7.627400000000000000e+04 1.861586000000000000e+18
1.351425000000000054e+01 1.375177000000000049e+01 3.743000000000000000e+04 1.572963000000000000e+18
1.375177000000000049e+01 1.398930000000000007e+01 1.679100000000000000e+04 1.212858000000000000e+18
1.398930000000000007e+01 1.422682999999999964e+01 6.595000000000000000e+03 8.171066000000000000e+17
1.422682999999999964e+01 1.446434999999999960e+01 2.072000000000000000e+03 4.400523000000000000e+17
1.446434999999999960e+01 1.470187999999999917e+01 4.890000000000000000e+02 1.780960000000000000e+17
1.470187999999999917e+01 1.493939999999999912e+01 9.500000000000000000e+01 5.856382000000000000e+16
1.493939999999999912e+01 1.517693000000000048e+01 1.100000000000000000e+01 1.129220000000000000e+16
