2.616273000000000000e+06 1.451406000000000000e+06 8.730520999999999767e+05 5.216612000000000116e+05 2.724987000000000116e+05 1.455275000000000000e+05 4.909698000000000320e+04 1.916156000000000131e+04 3.524898999999999887e+03 4.210665999999999940e+02
1.451406000000000000e+06 1.107940000000000000e+06 5.604058000000000466e+05 3.315982999999999884e+05 1.756438999999999942e+05 9.473161999999999534e+04 3.105654000000000087e+04 1.201579999999999927e+04 2.454447000000000116e+03 2.233129999999999882e+02
8.730520999999999767e+05 5.604058000000000466e+05 4.352742999999999884e+05 1.989190000000000000e+05 1.033925000000000000e+05 5.738308000000000175e+04 1.893218999999999869e+04 8.015059000000000196e+03 1.064737000000000080e+03 1.344478000000000009e+02
5.216612000000000116e+05 3.315982999999999884e+05 1.989190000000000000e+05 1.707795000000000000e+05 6.420208999999999651e+04 3.264161999999999898e+04 1.070154999999999927e+04 5.219278000000000247e+03 6.657907999999999902e+02 9.509515000000000384e+01
2.724987000000000116e+05 1.756438999999999942e+05 1.033925000000000000e+05 6.420208999999999651e+04 5.889904000000000087e+04 1.881543000000000029e+04 6.753000000000000000e+03 2.558208999999999833e+03 4.450509000000000128e+02 2.920846999999999838e+01
1.455275000000000000e+05 9.473161999999999534e+04 5.738308000000000175e+04 3.264161999999999898e+04 1.881543000000000029e+04 1.914054000000000087e+04 3.671938999999999851e+03 1.744711000000000013e+03 2.809501999999999953e+02 5.040137000000000000e+01
4.909698000000000320e+04 3.105654000000000087e+04 1.893218999999999869e+04 1.070154999999999927e+04 6.753000000000000000e+03 3.671938999999999851e+03 3.912481999999999971e+03 5.106394000000000233e+02 1.063777999999999935e+02 6.495102000000000153e+00
1.916156000000000131e+04 1.201579999999999927e+04 8.015059000000000196e+03 5.219278000000000247e+03 2.558208999999999833e+03 1.744711000000000013e+03 5.106394000000000233e+02 1.043096999999999980e+03 4.449886000000000053e+01 9.489243000000000094e+00
3.524898999999999887e+03 2.454447000000000116e+03 1.064737000000000080e+03 6.657907999999999902e+02 4.450509000000000128e+02 2.809501999999999953e+02 1.063777999999999935e+02 4.449886000000000053e+01 1.436876000000000033e+02 -2.089660999999999991e+00
4.210665999999999940e+02 2.233129999999999882e+02 1.344478000000000009e+02 9.509515000000000384e+01 2.920846999999999838e+01 5.040137000000000000e+01 6.495102000000000153e+00 9.489243000000000094e+00 -2.089660999999999991e+00 1.169585999999999970e+01
