# M_low [Msun/h] M_high[Msun/h] Number M_total[Msun/h]
1.280166999999999966e+01 1.295902000000000065e+01 5.671700000000000000e+04 4.246338000000000000e+17
1.295902000000000065e+01 1.311636999999999986e+01 3.052100000000000000e+04 3.284308000000000000e+17
1.311636999999999986e+01 1.327373000000000047e+01 1.570400000000000000e+04 2.419903000000000000e+17
1.327373000000000047e+01 1.343107999999999969e+01 7.387000000000000000e+03 1.635513000000000000e+17
1.343107999999999969e+01 1.358843000000000067e+01 3.247000000000000000e+03 1.031752000000000000e+17
1.358843000000000067e+01 1.374577999999999989e+01 1.236000000000000000e+03 5.599948000000000000e+16
1.374577999999999989e+01 1.390313000000000088e+01 4.280000000000000000e+02 2.762743000000000000e+16
1.390313000000000088e+01 1.406048000000000009e+01 1.350000000000000000e+02 1.256632000000000000e+16
1.406048000000000009e+01 1.421784000000000070e+01 2.200000000000000000e+01 2.901220000000000000e+15
1.421784000000000070e+01 1.437518999999999991e+01 2.000000000000000000e+00 4.224700000000000000e+14
