# M_low [Msun/h] M_high[Msun/h] Number M_total[Msun/h]
1.280166999999999966e+01 1.302377000000000073e+01 2.317860000000000000e+05 1.869470000000000000e+18
1.302377000000000073e+01 1.324587000000000003e+01 1.296620000000000000e+05 1.743507000000000000e+18
1.324587000000000003e+01 1.346796999999999933e+01 6.820800000000000000e+04 1.524276000000000000e+18
1.346796999999999933e+01 1.369007000000000041e+01 3.410900000000000000e+04 1.266420000000000000e+18
1.369007000000000041e+01 1.391216999999999970e+01 1.570700000000000000e+04 9.673073000000000000e+17
1.391216999999999970e+01 1.413427000000000078e+01 6.238000000000000000e+03 6.374676000000000000e+17
1.413427000000000078e+01 1.435637000000000008e+01 2.065000000000000000e+03 3.498034000000000000e+17
1.435637000000000008e+01 1.457846999999999937e+01 5.320000000000000000e+02 1.483514000000000000e+17
1.457846999999999937e+01 1.480058000000000007e+01 1.250000000000000000e+02 5.661142000000000000e+16
1.480058000000000007e+01 1.502267999999999937e+01 2.100000000000000000e+01 1.630434000000000000e+16
