1.353054000000000000e+06 7.772209000000000233e+05 4.713962999999999884e+05 2.863145999999999767e+05 1.409627999999999884e+05 7.320827000000000407e+04 2.551006000000000131e+04 8.590049000000000888e+03 1.806086999999999989e+03 3.015622000000000185e+02
7.772209000000000233e+05 6.457731999999999534e+05 3.174880999999999767e+05 1.904402999999999884e+05 9.436692999999999302e+04 4.670147000000000116e+04 1.640670999999999913e+04 5.070155999999999949e+03 9.064643999999999551e+02 3.391682999999999879e+02
4.713962999999999884e+05 3.174880999999999767e+05 2.611425000000000000e+05 1.121351999999999971e+05 6.037094999999999709e+04 3.054066999999999825e+04 1.120935000000000036e+04 3.761264000000000124e+03 4.747271999999999821e+02 1.770597999999999956e+02
2.863145999999999767e+05 1.904402999999999884e+05 1.121351999999999971e+05 1.007875000000000000e+05 3.642287999999999738e+04 1.824409999999999854e+04 5.791141999999999825e+03 2.355009000000000015e+03 5.146004000000000360e+02 1.447147999999999968e+02
1.409627999999999884e+05 9.436692999999999302e+04 6.037094999999999709e+04 3.642287999999999738e+04 3.466598999999999796e+04 9.017646000000000640e+03 2.967670999999999822e+03 1.183130000000000109e+03 3.096772000000000276e+02 4.268404999999999916e+01
7.320827000000000407e+04 4.670147000000000116e+04 3.054066999999999825e+04 1.824409999999999854e+04 9.017646000000000640e+03 1.136848999999999978e+04 1.457028000000000020e+03 5.632259000000000242e+02 1.337889999999999873e+02 3.507589000000000112e+01
2.551006000000000131e+04 1.640670999999999913e+04 1.120935000000000036e+04 5.791141999999999825e+03 2.967670999999999822e+03 1.457028000000000020e+03 2.721110000000000127e+03 1.580267000000000053e+02 4.675811000000000206e+01 3.296283999999999992e+00
8.590049000000000888e+03 5.070155999999999949e+03 3.761264000000000124e+03 2.355009000000000015e+03 1.183130000000000109e+03 5.632259000000000242e+02 1.580267000000000053e+02 6.140172000000000025e+02 1.907985000000000042e+01 1.015981000000000023e+01
1.806086999999999989e+03 9.064643999999999551e+02 4.747271999999999821e+02 5.146004000000000360e+02 3.096772000000000276e+02 1.337889999999999873e+02 4.675811000000000206e+01 1.907985000000000042e+01 1.302275999999999954e+02 -1.267051999999999901e-01
3.015622000000000185e+02 3.391682999999999879e+02 1.770597999999999956e+02 1.447147999999999968e+02 4.268404999999999916e+01 3.507589000000000112e+01 3.296283999999999992e+00 1.015981000000000023e+01 -1.267051999999999901e-01 2.009934000000000154e+01
