1.963347000000000000e+06 1.095169000000000000e+06 6.702561999999999534e+05 4.177674000000000233e+05 2.126458999999999942e+05 1.040876000000000058e+05 3.928816000000000349e+04 1.356278000000000065e+04 3.179418999999999869e+03 4.993353000000000179e+02
1.095169000000000000e+06 8.615790999999999767e+05 4.275854000000000233e+05 2.722237000000000116e+05 1.344571000000000058e+05 6.949341000000000349e+04 2.686579000000000087e+04 9.418579999999999927e+03 1.769060999999999922e+03 2.437418000000000120e+02
6.702561999999999534e+05 4.275854000000000233e+05 3.463095000000000000e+05 1.579327000000000116e+05 8.450813000000000466e+04 4.369608999999999651e+04 1.525003000000000065e+04 5.282096999999999753e+03 9.425226999999999862e+02 1.557889000000000124e+02
4.177674000000000233e+05 2.722237000000000116e+05 1.579327000000000116e+05 1.452435000000000000e+05 5.077451000000000204e+04 2.688947000000000116e+04 9.884206000000000131e+03 3.930445000000000164e+03 7.093852000000000544e+02 1.479293000000000120e+02
2.126458999999999942e+05 1.344571000000000058e+05 8.450813000000000466e+04 5.077451000000000204e+04 4.970269999999999709e+04 1.441803000000000065e+04 4.852050000000000182e+03 1.866273999999999887e+03 3.686302000000000021e+02 1.030794999999999959e+02
1.040876000000000058e+05 6.949341000000000349e+04 4.369608999999999651e+04 2.688947000000000116e+04 1.441803000000000065e+04 1.663147999999999956e+04 2.891916999999999916e+03 1.025605999999999995e+03 2.133091000000000008e+02 3.970354999999999990e+01
3.928816000000000349e+04 2.686579000000000087e+04 1.525003000000000065e+04 9.884206000000000131e+03 4.852050000000000182e+03 2.891916999999999916e+03 3.578994000000000142e+03 4.475187999999999988e+02 8.013224999999999909e+01 1.599994000000000050e+01
1.356278000000000065e+04 9.418579999999999927e+03 5.282096999999999753e+03 3.930445000000000164e+03 1.866273999999999887e+03 1.025605999999999995e+03 4.475187999999999988e+02 8.486439000000000306e+02 4.252615000000000123e+01 6.674438000000000315e+00
3.179418999999999869e+03 1.769060999999999922e+03 9.425226999999999862e+02 7.093852000000000544e+02 3.686302000000000021e+02 2.133091000000000008e+02 8.013224999999999909e+01 4.252615000000000123e+01 1.509233999999999867e+02 2.370360999999999940e+00
4.993353000000000179e+02 2.437418000000000120e+02 1.557889000000000124e+02 1.479293000000000120e+02 1.030794999999999959e+02 3.970354999999999990e+01 1.599994000000000050e+01 6.674438000000000315e+00 2.370360999999999940e+00 1.546973000000000020e+01
