# M_low [Msun/h] M_high[Msun/h] Number M_total[Msun/h]
1.280166999999999966e+01 1.304476999999999975e+01 2.908380000000000000e+05 2.403205000000000000e+18
1.304476999999999975e+01 1.328787999999999947e+01 1.617210000000000000e+05 2.338232000000000000e+18
1.328787999999999947e+01 1.353097999999999956e+01 8.671700000000000000e+04 2.188410000000000000e+18
1.353097999999999956e+01 1.377407999999999966e+01 4.303300000000000000e+04 1.893461000000000000e+18
1.377407999999999966e+01 1.401717999999999975e+01 1.999100000000000000e+04 1.530394000000000000e+18
1.401717999999999975e+01 1.426027999999999984e+01 8.231000000000000000e+03 1.093158000000000000e+18
1.426027999999999984e+01 1.450338999999999956e+01 2.815000000000000000e+03 6.489774000000000000e+17
1.450338999999999956e+01 1.474648999999999965e+01 7.140000000000000000e+02 2.841279000000000000e+17
1.474648999999999965e+01 1.498958999999999975e+01 1.480000000000000000e+02 1.020736000000000000e+17
1.498958999999999975e+01 1.523268999999999984e+01 1.600000000000000000e+01 1.920320000000000000e+16
