# M_low [Msun/h] M_high[Msun/h] Number M_total[Msun/h]
1.280166999999999966e+01 1.290118999999999971e+01 7.226000000000000000e+03 5.084733000000000000e+16
1.290118999999999971e+01 1.300070999999999977e+01 4.162000000000000000e+03 3.687814000000000000e+16
1.300070999999999977e+01 1.310022999999999982e+01 2.277000000000000000e+03 2.527753000000000000e+16
1.310022999999999982e+01 1.319974999999999987e+01 1.277000000000000000e+03 1.785150000000000000e+16
1.319974999999999987e+01 1.329926999999999992e+01 6.140000000000000000e+02 1.081218000000000000e+16
1.329926999999999992e+01 1.339878999999999998e+01 2.930000000000000000e+02 6.442254000000000000e+15
1.339878999999999998e+01 1.349831000000000003e+01 1.300000000000000000e+02 3.642186000000000000e+15
1.349831000000000003e+01 1.359783000000000008e+01 5.200000000000000000e+01 1.797027000000000000e+15
1.359783000000000008e+01 1.369735000000000014e+01 2.400000000000000000e+01 1.050953000000000000e+15
1.369735000000000014e+01 1.379687000000000019e+01 6.000000000000000000e+00 3.372800000000000000e+14
