# M_low [Msun/h] M_high[Msun/h] Number M_total[Msun/h]
1.280166999999999966e+01 1.301984999999999992e+01 2.070530000000000000e+05 1.661362000000000000e+18
1.301984999999999992e+01 1.323803000000000019e+01 1.133350000000000000e+05 1.501403000000000000e+18
1.323803000000000019e+01 1.345622000000000007e+01 5.843000000000000000e+04 1.275409000000000000e+18
1.345622000000000007e+01 1.367440000000000033e+01 2.817500000000000000e+04 1.014138000000000000e+18
1.367440000000000033e+01 1.389258000000000060e+01 1.240600000000000000e+04 7.324491000000000000e+17
1.389258000000000060e+01 1.411076000000000086e+01 4.675000000000000000e+03 4.540461000000000000e+17
1.411076000000000086e+01 1.432893999999999934e+01 1.452000000000000000e+03 2.309644000000000000e+17
1.432893999999999934e+01 1.454711999999999961e+01 3.510000000000000000e+02 9.098524000000000000e+16
1.454711999999999961e+01 1.476529999999999987e+01 7.900000000000000000e+01 3.340200000000000000e+16
1.476529999999999987e+01 1.498348999999999975e+01 9.000000000000000000e+00 6.135630000000000000e+15
