# M_low [Msun/h] M_high[Msun/h] Number M_total[Msun/h]
1.280166999999999966e+01 1.307061000000000028e+01 3.478660000000000000e+05 2.956056000000000000e+18
1.307061000000000028e+01 1.333953999999999951e+01 1.909440000000000000e+05 3.015094000000000000e+18
1.333953999999999951e+01 1.360847000000000051e+01 1.016870000000000000e+05 2.972225000000000000e+18
1.360847000000000051e+01 1.387740999999999936e+01 5.067600000000000000e+04 2.744435000000000000e+18
1.387740999999999936e+01 1.414634000000000036e+01 2.298600000000000000e+04 2.305558000000000000e+18
1.414634000000000036e+01 1.441527999999999921e+01 9.408000000000000000e+03 1.737898000000000000e+18
1.441527999999999921e+01 1.468421000000000021e+01 3.093000000000000000e+03 1.043768000000000000e+18
1.468421000000000021e+01 1.495313999999999943e+01 7.890000000000000000e+02 4.833224000000000000e+17
1.495313999999999943e+01 1.522208000000000006e+01 1.320000000000000000e+02 1.473418000000000000e+17
1.522208000000000006e+01 1.549100999999999928e+01 1.200000000000000000e+01 2.609870000000000000e+16
