# M_low [Msun/h] M_high[Msun/h] Number M_total[Msun/h]
1.280166999999999966e+01 1.307662999999999975e+01 3.669290000000000000e+05 3.141780000000000000e+18
1.307662999999999975e+01 1.335158000000000023e+01 2.030950000000000000e+05 3.276148000000000000e+18
1.335158000000000023e+01 1.362654000000000032e+01 1.089350000000000000e+05 3.301616000000000000e+18
1.362654000000000032e+01 1.390149000000000079e+01 5.521200000000000000e+04 3.140439000000000000e+18
1.390149000000000079e+01 1.417645000000000088e+01 2.601300000000000000e+04 2.775788000000000000e+18
1.417645000000000088e+01 1.445140999999999920e+01 1.110600000000000000e+04 2.216621000000000000e+18
1.445140999999999920e+01 1.472635999999999967e+01 3.801000000000000000e+03 1.408395000000000000e+18
1.472635999999999967e+01 1.500131999999999977e+01 1.025000000000000000e+03 7.009082000000000000e+17
1.500131999999999977e+01 1.527627000000000024e+01 1.910000000000000000e+02 2.432070000000000000e+17
1.527627000000000024e+01 1.555123000000000033e+01 1.800000000000000000e+01 4.404720000000000000e+16
