# M_low [Msun/h] M_high[Msun/h] Number M_total[Msun/h]
1.280166999999999966e+01 1.308389000000000024e+01 3.827420000000000000e+05 3.306091000000000000e+18
1.308389000000000024e+01 1.336611000000000082e+01 2.095570000000000000e+05 3.467302000000000000e+18
1.336611000000000082e+01 1.364832999999999963e+01 1.127790000000000000e+05 3.560687000000000000e+18
1.364832999999999963e+01 1.393055000000000021e+01 5.725300000000000000e+04 3.453023000000000000e+18
1.393055000000000021e+01 1.421277000000000079e+01 2.692100000000000000e+04 3.094787000000000000e+18
1.421277000000000079e+01 1.449497999999999998e+01 1.164600000000000000e+04 2.545544000000000000e+18
1.449497999999999998e+01 1.477720000000000056e+01 3.949000000000000000e+03 1.632305000000000000e+18
1.477720000000000056e+01 1.505941999999999936e+01 1.094000000000000000e+03 8.476234000000000000e+17
1.505941999999999936e+01 1.534163999999999994e+01 1.880000000000000000e+02 2.760686000000000000e+17
1.534163999999999994e+01 1.562386000000000053e+01 1.900000000000000000e+01 5.375230000000000000e+16
