# M_low [Msun/h] M_high[Msun/h] Number M_total[Msun/h]
1.283210000000000051e+01 1.310032999999999959e+01 3.722610000000000000e+05 3.392972000000000000e+18
1.310032999999999959e+01 1.336855000000000082e+01 2.085460000000000000e+05 3.521860000000000000e+18
1.336855000000000082e+01 1.363677999999999990e+01 1.131020000000000000e+05 3.534409000000000000e+18
1.363677999999999990e+01 1.390499999999999936e+01 5.801900000000000000e+04 3.361472000000000000e+18
1.390499999999999936e+01 1.417323000000000022e+01 2.764100000000000000e+04 2.952034000000000000e+18
1.417323000000000022e+01 1.444145999999999930e+01 1.194500000000000000e+04 2.344721000000000000e+18
1.444145999999999930e+01 1.470968000000000053e+01 4.379000000000000000e+03 1.588193000000000000e+18
1.470968000000000053e+01 1.497790999999999961e+01 1.209000000000000000e+03 7.937767000000000000e+17
1.497790999999999961e+01 1.524614000000000047e+01 2.220000000000000000e+02 2.631606000000000000e+17
1.524614000000000047e+01 1.551435999999999993e+01 2.300000000000000000e+01 4.868390000000000000e+16
