# M_low [Msun/h] M_high[Msun/h] Number M_total[Msun/h]
1.283210000000000051e+01 1.297356000000000087e+01 4.035400000000000000e+04 3.190386000000000000e+17
1.297356000000000087e+01 1.311503000000000085e+01 2.181100000000000000e+04 2.390423000000000000e+17
1.311503000000000085e+01 1.325648999999999944e+01 1.158200000000000000e+04 1.750577000000000000e+17
1.325648999999999944e+01 1.339795999999999943e+01 5.642000000000000000e+03 1.178304000000000000e+17
1.339795999999999943e+01 1.353941999999999979e+01 2.610000000000000000e+03 7.562071000000000000e+16
1.353941999999999979e+01 1.368088999999999977e+01 1.045000000000000000e+03 4.156552000000000000e+16
1.368088999999999977e+01 1.382235000000000014e+01 3.890000000000000000e+02 2.124138000000000000e+16
1.382235000000000014e+01 1.396382000000000012e+01 1.310000000000000000e+02 9.989623000000000000e+15
1.396382000000000012e+01 1.410528000000000048e+01 3.300000000000000000e+01 3.412385000000000000e+15
1.410528000000000048e+01 1.424674000000000085e+01 8.000000000000000000e+00 1.117010000000000000e+15
