# M_low [Msun/h] M_high[Msun/h] Number M_total[Msun/h]
1.283210000000000051e+01 1.308342999999999989e+01 3.287840000000000000e+05 2.940634000000000000e+18
1.308342999999999989e+01 1.333475999999999928e+01 1.847380000000000000e+05 2.945243000000000000e+18
1.333475999999999928e+01 1.358609000000000044e+01 9.927400000000000000e+04 2.816548000000000000e+18
1.358609000000000044e+01 1.383741999999999983e+01 5.088000000000000000e+04 2.569862000000000000e+18
1.383741999999999983e+01 1.408874999999999922e+01 2.388200000000000000e+04 2.138970000000000000e+18
1.408874999999999922e+01 1.434008000000000038e+01 1.015100000000000000e+04 1.611635000000000000e+18
1.434008000000000038e+01 1.459140999999999977e+01 3.572000000000000000e+03 1.003976000000000000e+18
1.459140999999999977e+01 1.484272999999999954e+01 9.790000000000000000e+02 4.801585000000000000e+17
1.484272999999999954e+01 1.509406000000000070e+01 1.930000000000000000e+02 1.677031000000000000e+17
1.509406000000000070e+01 1.534539000000000009e+01 1.400000000000000000e+01 2.134630000000000000e+16
