# M_low [Msun/h] M_high[Msun/h] Number M_total[Msun/h]
1.283210000000000051e+01 1.305822000000000038e+01 2.436850000000000000e+05 2.116020000000000000e+18
1.305822000000000038e+01 1.328434000000000026e+01 1.334260000000000000e+05 1.948156000000000000e+18
1.328434000000000026e+01 1.351045000000000051e+01 6.989700000000000000e+04 1.714273000000000000e+18
1.351045000000000051e+01 1.373657000000000039e+01 3.458100000000000000e+04 1.423283000000000000e+18
1.373657000000000039e+01 1.396269000000000027e+01 1.509000000000000000e+04 1.037888000000000000e+18
1.396269000000000027e+01 1.418881000000000014e+01 5.952000000000000000e+03 6.857225000000000000e+17
1.418881000000000014e+01 1.441493000000000002e+01 1.951000000000000000e+03 3.762052000000000000e+17
1.441493000000000002e+01 1.464104999999999990e+01 4.850000000000000000e+02 1.531693000000000000e+17
1.464104999999999990e+01 1.486716000000000015e+01 9.000000000000000000e+01 4.740296000000000000e+16
1.486716000000000015e+01 1.509328000000000003e+01 6.000000000000000000e+00 4.832800000000000000e+15
