# M_low [Msun/h] M_high[Msun/h] Number M_total[Msun/h]
1.283210000000000051e+01 1.306672000000000011e+01 2.738070000000000000e+05 2.403656000000000000e+18
1.306672000000000011e+01 1.330133000000000010e+01 1.511950000000000000e+05 2.276896000000000000e+18
1.330133000000000010e+01 1.353594999999999970e+01 7.973100000000000000e+04 2.054431000000000000e+18
1.353594999999999970e+01 1.377055999999999969e+01 3.983400000000000000e+04 1.756709000000000000e+18
1.377055999999999969e+01 1.400517999999999930e+01 1.809800000000000000e+04 1.361559000000000000e+18
1.400517999999999930e+01 1.423978999999999928e+01 7.150000000000000000e+03 9.183194000000000000e+17
1.423978999999999928e+01 1.447441000000000066e+01 2.433000000000000000e+03 5.307060000000000000e+17
1.447441000000000066e+01 1.470903000000000027e+01 6.060000000000000000e+02 2.216562000000000000e+17
1.470903000000000027e+01 1.494364000000000026e+01 1.130000000000000000e+02 7.045875000000000000e+16
1.494364000000000026e+01 1.517825999999999986e+01 9.000000000000000000e+00 9.345770000000000000e+15
