# M_low [Msun/h] M_high[Msun/h] Number M_total[Msun/h]
1.283210000000000051e+01 1.303772000000000020e+01 2.049970000000000000e+05 1.741663000000000000e+18
1.303772000000000020e+01 1.324333999999999989e+01 1.147520000000000000e+05 1.565543000000000000e+18
1.324333999999999989e+01 1.344896999999999920e+01 6.219000000000000000e+04 1.358425000000000000e+18
1.344896999999999920e+01 1.365459000000000067e+01 3.204200000000000000e+04 1.118840000000000000e+18
1.365459000000000067e+01 1.386021000000000036e+01 1.480800000000000000e+04 8.282750000000000000e+17
1.386021000000000036e+01 1.406583000000000006e+01 6.183000000000000000e+03 5.532253000000000000e+17
1.406583000000000006e+01 1.427144999999999975e+01 2.205000000000000000e+03 3.154656000000000000e+17
1.427144999999999975e+01 1.447708000000000084e+01 6.820000000000000000e+02 1.555211000000000000e+17
1.447708000000000084e+01 1.468270000000000053e+01 1.460000000000000000e+02 5.373215000000000000e+16
1.468270000000000053e+01 1.488832000000000022e+01 1.400000000000000000e+01 8.071860000000000000e+15
