# M_low [Msun/h] M_high[Msun/h] Number M_total[Msun/h]
1.283210000000000051e+01 1.307196000000000069e+01 2.989510000000000000e+05 2.639452000000000000e+18
1.307196000000000069e+01 1.331182000000000087e+01 1.683080000000000000e+05 2.579945000000000000e+18
1.331182000000000087e+01 1.355166999999999966e+01 9.050100000000000000e+04 2.402612000000000000e+18
1.355166999999999966e+01 1.379152999999999984e+01 4.626100000000000000e+04 2.129046000000000000e+18
1.379152999999999984e+01 1.403139000000000003e+01 2.165200000000000000e+04 1.721653000000000000e+18
1.403139000000000003e+01 1.427125000000000021e+01 9.091000000000000000e+03 1.243261000000000000e+18
1.427125000000000021e+01 1.451111000000000040e+01 3.268000000000000000e+03 7.723036000000000000e+17
1.451111000000000040e+01 1.475095999999999918e+01 8.850000000000000000e+02 3.584763000000000000e+17
1.475095999999999918e+01 1.499081999999999937e+01 1.690000000000000000e+02 1.179111000000000000e+17
1.499081999999999937e+01 1.523067999999999955e+01 2.100000000000000000e+01 2.395781000000000000e+16
