# M_low [Msun/h] M_high[Msun/h] Number M_total[Msun/h]
1.283210000000000051e+01 1.309517999999999915e+01 3.574970000000000000e+05 3.240465000000000000e+18
1.309517999999999915e+01 1.335826999999999920e+01 1.993460000000000000e+05 3.308492000000000000e+18
1.335826999999999920e+01 1.362134999999999962e+01 1.076190000000000000e+05 3.266195000000000000e+18
1.362134999999999962e+01 1.388443000000000005e+01 5.490500000000000000e+04 3.051364000000000000e+18
1.388443000000000005e+01 1.414752000000000010e+01 2.575900000000000000e+04 2.607409000000000000e+18
1.414752000000000010e+01 1.441060000000000052e+01 1.092800000000000000e+04 2.008410000000000000e+18
1.441060000000000052e+01 1.467369000000000057e+01 3.971000000000000000e+03 1.332122000000000000e+18
1.467369000000000057e+01 1.493676999999999921e+01 1.033000000000000000e+03 6.233277000000000000e+17
1.493676999999999921e+01 1.519984999999999964e+01 1.870000000000000000e+02 2.027372000000000000e+17
1.519984999999999964e+01 1.546293999999999969e+01 1.900000000000000000e+01 3.403730000000000000e+16
