# M_low [Msun/h] M_high[Msun/h] Number M_total[Msun/h]
1.283210000000000051e+01 1.302763999999999989e+01 1.740200000000000000e+05 1.460456000000000000e+18
1.302763999999999989e+01 1.322317999999999927e+01 9.863400000000000000e+04 1.298058000000000000e+18
1.322317999999999927e+01 1.341872000000000043e+01 5.340900000000000000e+04 1.102890000000000000e+18
1.341872000000000043e+01 1.361425999999999981e+01 2.677900000000000000e+04 8.648467000000000000e+17
1.361425999999999981e+01 1.380979999999999919e+01 1.254900000000000000e+04 6.338882000000000000e+17
1.380979999999999919e+01 1.400534000000000034e+01 5.205000000000000000e+03 4.091651000000000000e+17
1.400534000000000034e+01 1.420087999999999973e+01 1.895000000000000000e+03 2.314794000000000000e+17
1.420087999999999973e+01 1.439642000000000088e+01 5.950000000000000000e+02 1.134374000000000000e+17
1.439642000000000088e+01 1.459196000000000026e+01 1.330000000000000000e+02 3.945439000000000000e+16
1.459196000000000026e+01 1.478749999999999964e+01 1.500000000000000000e+01 6.900210000000000000e+15
