# M_low [Msun/h] M_high[Msun/h] Number M_total[Msun/h]
1.283210000000000051e+01 1.292043999999999926e+01 3.892000000000000000e+03 2.904750000000000000e+16
1.292043999999999926e+01 1.300877999999999979e+01 2.410000000000000000e+03 2.210636000000000000e+16
1.300877999999999979e+01 1.309711000000000070e+01 1.301000000000000000e+03 1.459395000000000000e+16
1.309711000000000070e+01 1.318544999999999945e+01 6.780000000000000000e+02 9.339262000000000000e+15
1.318544999999999945e+01 1.327378999999999998e+01 3.940000000000000000e+02 6.624022000000000000e+15
1.327378999999999998e+01 1.336213000000000051e+01 1.970000000000000000e+02 4.052431000000000000e+15
1.336213000000000051e+01 1.345045999999999964e+01 1.000000000000000000e+02 2.523996000000000000e+15
1.345045999999999964e+01 1.353880000000000017e+01 3.900000000000000000e+01 1.200807000000000000e+15
1.353880000000000017e+01 1.362714000000000070e+01 1.900000000000000000e+01 7.127850000000000000e+14
1.362714000000000070e+01 1.371547999999999945e+01 4.000000000000000000e+00 1.846170000000000000e+14
