-1.726699910322065934e-01 -1.238099533808432851e+00 -2.461872116280568179e-01 2.765439683121135861e-01 -6.628033131506017028e-02 -1.240765368328354379e+00
-1.679841741699661384e-01 -1.356168919403895945e+00 -2.222264228663956565e-01 2.939585215843052990e-01 -6.206696826414304091e-02 -1.255803319398179907e+00
-9.502278984742909551e-02 -1.285422239946531819e+00 -2.666505328996709445e-01 2.549442723019895718e-01 -6.534703134148890646e-02 -1.225865635414747468e+00
-4.674791306648158895e-01 -1.645003048996994677e+00 -2.978155182127001921e-01 2.799233646017872390e-01 -6.671750258724676308e-02 -1.204936203168447184e+00
9.964935350108405920e-02 -1.318543502240415721e+00 -2.376791302405042716e-01 2.703821833652889639e-01 -7.059185742514564876e-02 -1.233866263754497261e+00
-7.647393270637091456e-02 -1.388328459699555317e+00 -1.965038375200715837e-01 3.135437451067518144e-01 -6.095939315472670428e-02 -1.248207052018510232e+00
-6.932817038206273708e-02 -1.143962527872652402e+00 -2.405921728894663270e-01 2.718344109825631127e-01 -7.224500301783548517e-02 -1.234789766739380124e+00
-3.553438685165250521e-01 -1.029700943294882487e+00 -2.660082928946008729e-01 2.382178911603678451e-01 -5.819444163849419455e-02 -1.232760409616335595e+00
-2.511577040305227326e-01 -1.274030252240058614e+00 -2.397341486516121334e-01 2.811185682052707024e-01 -5.670996269820320623e-02 -1.240857751228792383e+00
-5.383804971071838308e-01 -1.215955391845259248e+00 -2.672191930338667087e-01 2.453791782047531900e-01 -5.108498666216867296e-02 -1.220748911195038033e+00
3.979819645171233516e-02 -1.071860666031041687e+00 -2.374694761728006476e-01 2.654217459104763477e-01 -5.237289922721233976e-02 -1.232231229520418747e+00
1.506771969504808462e-01 -1.400371166922198318e+00 -2.283976807019722777e-01 2.687685765627310652e-01 -7.036307978615807812e-02 -1.240673903465686179e+00
-1.051710820399872487e-01 -1.170214677339518117e+00 -2.332291629937887634e-01 2.688580290459087196e-01 -6.672125622044827731e-02 -1.231715640694251102e+00
-1.429810079081943186e-01 -1.261355362579472450e+00 -2.208146588777384345e-01 2.830118050696993626e-01 -6.300654311579949318e-02 -1.243380516874933894e+00
-1.224448075753334642e-01 -1.352255791483764069e+00 -1.933721074103063597e-01 3.155784472732172108e-01 -6.683236186130049605e-02 -1.257376991079340867e+00
-8.936287545705212665e-02 -1.082885384173648990e+00 -2.390408434275284877e-01 2.655613812207678892e-01 -5.721222010562793114e-02 -1.229059023767385073e+00
-1.197310380840841681e-01 -1.112217078167103246e+00 -2.450029619289310623e-01 2.565990003222174409e-01 -5.356114473888157895e-02 -1.231692214090096327e+00
-1.177638686957006714e-01 -1.312845346309700290e+00 -2.195331454358383783e-01 2.864661923446276681e-01 -5.690931968283699516e-02 -1.243407059662525294e+00
-3.768237876943088538e-01 -1.084460624807322748e+00 -2.682962449362527035e-01 2.224824585302289937e-01 -4.617261930895031480e-02 -1.221620056114283370e+00
-2.306780940242150468e-01 -1.161333975515070449e+00 -2.443059612194980745e-01 2.505889978467233936e-01 -5.528976672963999833e-02 -1.234882687782023369e+00
-1.058282470160393368e-01 -1.302132528720718829e+00 -2.359544541002785434e-01 2.796506071662951398e-01 -5.989666871207654369e-02 -1.241661577378770476e+00
-5.319719103972117002e-01 -1.366334187525803046e+00 -2.591248464962033760e-01 2.640213055849407464e-01 -5.654915164167319958e-02 -1.231904625393610564e+00
9.673257508087958201e-02 -1.461674956151838289e+00 -2.011946436506792391e-01 3.045846098211029140e-01 -6.877286559215584072e-02 -1.250980614689493509e+00
-8.227901828871001522e-01 -1.118014762941067719e+00 -2.744159682271171130e-01 2.148787387729690634e-01 -6.068314400612614262e-02 -1.208489004602087302e+00
-2.660701237325240331e-01 -1.190210660951839916e+00 -2.814908381863864828e-01 2.420745098949399210e-01 -5.128067442800558762e-02 -1.226655787362472161e+00
-9.083638953573962282e-02 -1.326709734637909310e+00 -2.322447861775373545e-01 2.745582021288692220e-01 -5.990494569219715487e-02 -1.231717189727469242e+00
-9.256554681395521775e-03 -1.153081424420000278e+00 -2.021009679446503504e-01 2.858654093069377122e-01 -6.704458565271102788e-02 -1.239084982550701097e+00
-4.426803204397385394e-01 -1.127370787719646161e+00 -2.602023299278218849e-01 2.300709911578580069e-01 -5.020460265902165764e-02 -1.218550475987081771e+00
-8.601095944108277241e-03 -1.226554750663467974e+00 -2.145356898694466552e-01 2.965464980360292269e-01 -5.478324363676759928e-02 -1.253312299391570850e+00
-8.029281993956088881e-02 -1.269651482638078921e+00 -2.116691356330518692e-01 2.916439025651316741e-01 -5.891021726232278238e-02 -1.242398907494681737e+00
-1.630151718758559021e-01 -1.177127078323599196e+00 -2.452542597111365408e-01 2.690346681077820379e-01 -5.152957330429111527e-02 -1.243284601434025749e+00
8.583473255446821132e-03 -1.216764767730152297e+00 -2.083890278427421860e-01 2.981379776845525797e-01 -5.751140288015198221e-02 -1.246545192945917702e+00
-4.032354912675436553e-01 -1.076950373037871334e+00 -2.754700503875291973e-01 2.248626674760536293e-01 -5.163173640439763096e-02 -1.225784453294374465e+00
-1.546436589585072907e-01 -1.205175581298133736e+00 -2.517593374874685375e-01 2.571139274363842819e-01 -6.025033254934767518e-02 -1.239060101124983992e+00
7.774127702996355693e-02 -1.365283731249521848e+00 -2.159893831089179095e-01 2.933934993783293144e-01 -6.160822389490776957e-02 -1.248668402441251324e+00
-6.445384008714184765e-02 -1.321453908391149401e+00 -2.579777633072518617e-01 2.615303266011889671e-01 -6.968872379297150199e-02 -1.227391671684710417e+00
-2.613170767754502757e-02 -1.155473604811775745e+00 -2.242801948348444874e-01 2.847086530331532916e-01 -6.322251038756271369e-02 -1.248078203854943835e+00
-5.274673266409865002e-01 -1.404938708821171334e+00 -2.589525130888001292e-01 2.617108946153007265e-01 -6.023057839252883572e-02 -1.219981374488312120e+00
-3.247523912879046737e-01 -1.150504473831419405e+00 -2.596057343141525142e-01 2.358844324706085849e-01 -5.049484438985755302e-02 -1.228762629912376614e+00
