3.510978473995958471e-02 3.471775667173232320e-03 1.651300590656189996e-04 4.257515356819314674e-05 2.165778289333134666e-06 7.911998296101956907e-06
3.186544726431356916e-02 2.801711202728855103e-03 1.330755456745362595e-04 5.171064337441411276e-05 1.680820606103447141e-06 6.442810343037956710e-06
1.041956631250194054e-01 5.974930705378628595e-03 2.569243580217277245e-04 5.554875555741234117e-05 3.290202261873841868e-06 1.916571408512067880e-05
8.984006189777231366e-02 1.035500932269804025e-02 3.245447055321556626e-04 4.467124855510569773e-04 5.634068366138286218e-05 9.952516336064993823e-05
6.008997904715389360e-02 4.498781264301550571e-03 1.615144466147087291e-04 5.104500483537249616e-05 2.257630368447360701e-06 8.947044912312104034e-06
2.855402577426396568e-02 2.984674864414202638e-03 1.387508505171563080e-04 4.434358706779597284e-05 1.627646313823955388e-06 6.580426717934096035e-06
5.404591670719122165e-02 4.610604992871598223e-03 1.921602349921079699e-04 9.619741582057857274e-05 9.110156632801078713e-06 1.215855456326311000e-05
2.968312122631017527e-02 2.632308711043986147e-03 1.692268387033515290e-04 7.185145291300118454e-05 5.034140213767202504e-06 7.229415748303217183e-06
2.909527296818318481e-02 2.501481635936665150e-03 1.379242082470726516e-04 4.669917355731108868e-05 1.412333386566501560e-06 6.024936681688132194e-06
3.782610950907112218e-02 4.683652087153104132e-03 2.281228824122885927e-04 6.996904657569099728e-05 2.373551035562782631e-06 2.087900664393083921e-05
3.263251981202392599e-02 2.337958279092072159e-03 1.531279834273896793e-04 7.627781533178792602e-05 5.059038632402580920e-06 1.288270666210623841e-05
6.487627481408426988e-02 4.250055823484132425e-03 1.388754169148659671e-04 4.425993964933535527e-05 1.917778452132739229e-06 7.522127574670689812e-06
3.741835030516638821e-02 3.522134574062617870e-03 1.527086975935735256e-04 5.860050983053768573e-05 3.821703444423892108e-06 7.712282270212867955e-06
2.761908893847536337e-02 2.618842167598951342e-03 1.439758818545948708e-04 4.072162128262070554e-05 1.569144072092093163e-06 6.462000846603429685e-06
2.554122582993389665e-02 2.384094043461582654e-03 1.264694250799590098e-04 4.099075567652410792e-05 1.287058202252141301e-06 5.955108899634195745e-06
2.582481594116226714e-02 2.040458531977838719e-03 1.654283531752188767e-04 6.402877425944323881e-05 3.420087169869179916e-06 1.003071087487153486e-05
2.885518650983095665e-02 2.682482438152278270e-03 1.347174789477878336e-04 5.669891515004248241e-05 3.558487380945652426e-06 7.137708357258736382e-06
3.504256403519728780e-02 3.145515473602517216e-03 1.447252078467009854e-04 4.348465400416819636e-05 1.355685269842708661e-06 6.338088821933377299e-06
4.705332006335960493e-02 3.595832412118522663e-03 2.038417305594261751e-04 6.705150779170166429e-05 3.678039283602110901e-06 1.003840135042248005e-05
3.538272717609600160e-02 3.198549464170316083e-03 1.565303087783607300e-04 5.186857770949205963e-05 2.708447255476131386e-06 7.155993167968904958e-06
3.277106966555569378e-02 3.382734724687802043e-03 1.323051498049704453e-04 3.921682588893511359e-05 1.298303735114988132e-06 6.538538326461083721e-06
3.696779830513874376e-02 4.005735549288687303e-03 1.905000844952447537e-04 9.716320843009632069e-05 5.042038519208557972e-06 2.195564538522103674e-05
3.451365235043299395e-02 3.117842285727320719e-03 1.251604486956220267e-04 3.855594884854698061e-05 1.870289483974350236e-06 6.686255556583776773e-06
3.449872811767888681e-02 9.511963135799036961e-03 5.252598435924395355e-04 1.677117582233873631e-04 8.949069890934098029e-06 8.961887634329959848e-05
1.191561174980985405e-01 5.739820139796856027e-03 2.894919344845987624e-04 9.333231240416088343e-05 4.979846078463848603e-06 2.087608643171333676e-05
5.175107401759088122e-02 3.909821081784226916e-03 1.542330352262769857e-04 4.763991917430034908e-05 1.855418625358903281e-06 9.159319820847403973e-06
2.631198821785398628e-02 2.127181965589840414e-03 1.590386511518569529e-04 6.279765978649704547e-05 3.209442409216716478e-06 9.639297605218440345e-06
4.185668501851895484e-02 4.087266159995267892e-03 2.160036492057040185e-04 6.537039184597173236e-05 3.121260712219981948e-06 1.172540913447410117e-05
2.136289917621559190e-02 1.960366690539218099e-03 1.403649753658450566e-04 4.554434250035788487e-05 1.932328562651680220e-06 8.046483038760017723e-06
2.449156646603191032e-02 2.253917680545137418e-03 1.391219765926680874e-04 3.892867817934958258e-05 1.343441266119167482e-06 6.533599054653396732e-06
2.514762239870973679e-02 2.541604947714935434e-03 1.369580323042633079e-04 4.625656532734197891e-05 1.888909572069629312e-06 6.634274537202522628e-06
2.231015101115257568e-02 1.936989913808907088e-03 1.573444287170346274e-04 4.548884567162551597e-05 2.007176860851005475e-06 7.977210148476716504e-06
4.945094566159935479e-02 4.453677751612949466e-03 2.494534442891128902e-04 7.872556194346943441e-05 5.573441064990808914e-06 1.150442556754846783e-05
5.015886350102084779e-02 3.240516106745163633e-03 1.633953122745355113e-04 5.067189969631215101e-05 2.472152411784475834e-06 7.601770924101585282e-06
3.188561958091766513e-02 3.254148763761264846e-03 1.204010139247606786e-04 3.596758183719913092e-05 1.356633894203279208e-06 6.050481362996411307e-06
1.202658654688410905e-01 5.961184300407431150e-03 2.800651218560507721e-04 5.671974564417618799e-05 2.949427611216085705e-06 1.825393489561189057e-05
2.324836738461109192e-02 1.917399151896750356e-03 1.413273829839818327e-04 5.681612372018299658e-05 3.000441538936771231e-06 8.777979652339461952e-06
6.117435147158618858e-02 5.761392674724335160e-03 2.562386549200567124e-04 1.679180766626954795e-04 1.022302035592605650e-05 4.071709113228094451e-05
4.607462548578863254e-02 3.707599758843152602e-03 1.983164414409425058e-04 5.792914036456900813e-05 2.886757307412274938e-06 9.583028403799451924e-06
