# M_low [Msun/h] M_high[Msun/h] Number M_total[Msun/h]
1.282241999999999926e+01 1.304072000000000031e+01 2.260720000000000000e+05 1.903483000000000000e+18
1.304072000000000031e+01 1.325901999999999958e+01 1.270990000000000000e+05 1.770126000000000000e+18
1.325901999999999958e+01 1.347732000000000063e+01 6.824400000000000000e+04 1.566727000000000000e+18
1.347732000000000063e+01 1.369562999999999953e+01 3.447300000000000000e+04 1.302828000000000000e+18
1.369562999999999953e+01 1.391393000000000058e+01 1.576200000000000000e+04 9.800448000000000000e+17
1.391393000000000058e+01 1.413222999999999985e+01 6.516000000000000000e+03 6.660903000000000000e+17
1.413222999999999985e+01 1.435052999999999912e+01 2.180000000000000000e+03 3.683307000000000000e+17
1.435052999999999912e+01 1.456883000000000017e+01 5.770000000000000000e+02 1.587874000000000000e+17
1.456883000000000017e+01 1.478714000000000084e+01 1.020000000000000000e+02 4.585363000000000000e+16
1.478714000000000084e+01 1.500544000000000011e+01 1.500000000000000000e+01 1.080109000000000000e+16
