# M_low [Msun/h] M_high[Msun/h] Number M_total[Msun/h]
1.282241999999999926e+01 1.310773000000000010e+01 3.695250000000000000e+05 3.356018000000000000e+18
1.310773000000000010e+01 1.339303999999999917e+01 1.990740000000000000e+05 3.481784000000000000e+18
1.339303999999999917e+01 1.367835000000000001e+01 1.040920000000000000e+05 3.504055000000000000e+18
1.367835000000000001e+01 1.396364999999999945e+01 5.132700000000000000e+04 3.318523000000000000e+18
1.396364999999999945e+01 1.424896000000000029e+01 2.280400000000000000e+04 2.827214000000000000e+18
1.424896000000000029e+01 1.453426999999999936e+01 8.919000000000000000e+03 2.105909000000000000e+18
1.453426999999999936e+01 1.481958000000000020e+01 2.809000000000000000e+03 1.264064000000000000e+18
1.481958000000000020e+01 1.510488999999999926e+01 5.780000000000000000e+02 4.920623000000000000e+17
1.510488999999999926e+01 1.539020000000000010e+01 8.000000000000000000e+01 1.284519000000000000e+17
1.539020000000000010e+01 1.567550999999999917e+01 6.000000000000000000e+00 1.676570000000000000e+16
