# M_low [Msun/h] M_high[Msun/h] Number M_total[Msun/h]
1.282241999999999926e+01 1.308948000000000000e+01 3.397380000000000000e+05 3.023484000000000000e+18
1.308948000000000000e+01 1.335654000000000075e+01 1.872600000000000000e+05 3.080368000000000000e+18
1.335654000000000075e+01 1.362359999999999971e+01 9.938100000000000000e+04 3.019505000000000000e+18
1.362359999999999971e+01 1.389066000000000045e+01 4.980600000000000000e+04 2.786403000000000000e+18
1.389066000000000045e+01 1.415771999999999942e+01 2.272000000000000000e+04 2.335114000000000000e+18
1.415771999999999942e+01 1.442478000000000016e+01 9.301000000000000000e+03 1.756953000000000000e+18
1.442478000000000016e+01 1.469183999999999912e+01 2.954000000000000000e+03 1.019297000000000000e+18
1.469183999999999912e+01 1.495889999999999986e+01 7.230000000000000000e+02 4.464656000000000000e+17
1.495889999999999986e+01 1.522596000000000060e+01 1.270000000000000000e+02 1.432917000000000000e+17
1.522596000000000060e+01 1.549302999999999919e+01 1.000000000000000000e+01 2.150850000000000000e+16
