# M_low [Msun/h] M_high[Msun/h] Number M_total[Msun/h]
1.282241999999999926e+01 1.308469000000000015e+01 3.210270000000000000e+05 2.838203000000000000e+18
1.308469000000000015e+01 1.334697000000000067e+01 1.742790000000000000e+05 2.818465000000000000e+18
1.334697000000000067e+01 1.360924999999999940e+01 9.039500000000000000e+04 2.668799000000000000e+18
1.360924999999999940e+01 1.387152000000000029e+01 4.432600000000000000e+04 2.378965000000000000e+18
1.387152000000000029e+01 1.413380000000000081e+01 1.946400000000000000e+04 1.898175000000000000e+18
1.413380000000000081e+01 1.439607999999999954e+01 7.500000000000000000e+03 1.327843000000000000e+18
1.439607999999999954e+01 1.465835000000000043e+01 2.232000000000000000e+03 7.146759000000000000e+17
1.465835000000000043e+01 1.492062999999999917e+01 5.080000000000000000e+02 2.890196000000000000e+17
1.492062999999999917e+01 1.518290999999999968e+01 7.500000000000000000e+01 7.652005000000000000e+16
1.518290999999999968e+01 1.544518000000000058e+01 3.000000000000000000e+00 5.622400000000000000e+15
