# M_low [Msun/h] M_high[Msun/h] Number M_total[Msun/h]
1.282241999999999926e+01 1.307839000000000063e+01 2.972700000000000000e+05 2.607812000000000000e+18
1.307839000000000063e+01 1.333435000000000059e+01 1.595960000000000000e+05 2.525148000000000000e+18
1.333435000000000059e+01 1.359032000000000018e+01 8.175000000000000000e+04 2.325807000000000000e+18
1.359032000000000018e+01 1.384628999999999976e+01 3.894400000000000000e+04 1.984009000000000000e+18
1.384628999999999976e+01 1.410225999999999935e+01 1.659100000000000000e+04 1.513992000000000000e+18
1.410225999999999935e+01 1.435823000000000071e+01 6.058000000000000000e+03 9.865010000000000000e+17
1.435823000000000071e+01 1.461420000000000030e+01 1.732000000000000000e+03 5.049334000000000000e+17
1.461420000000000030e+01 1.487016999999999989e+01 3.480000000000000000e+02 1.780245000000000000e+17
1.487016999999999989e+01 1.512613999999999947e+01 4.400000000000000000e+01 4.135745000000000000e+16
1.512613999999999947e+01 1.538211000000000084e+01 1.000000000000000000e+00 1.689200000000000000e+15
