# M_low [Msun/h] M_high[Msun/h] Number M_total[Msun/h]
1.282241999999999926e+01 1.300820000000000043e+01 8.052100000000000000e+04 6.512879000000000000e+17
1.300820000000000043e+01 1.319398999999999944e+01 4.062800000000000000e+04 5.030798000000000000e+17
1.319398999999999944e+01 1.337977000000000061e+01 1.877600000000000000e+04 3.556084000000000000e+17
1.337977000000000061e+01 1.356555999999999962e+01 7.941000000000000000e+03 2.296450000000000000e+17
1.356555999999999962e+01 1.375134000000000079e+01 2.922000000000000000e+03 1.295463000000000000e+17
1.375134000000000079e+01 1.393712000000000018e+01 9.040000000000000000e+02 6.085346000000000000e+16
1.393712000000000018e+01 1.412290999999999919e+01 2.410000000000000000e+02 2.466787000000000000e+16
1.412290999999999919e+01 1.430869000000000035e+01 4.300000000000000000e+01 6.730950000000000000e+15
1.430869000000000035e+01 1.449447999999999936e+01 5.000000000000000000e+00 1.063340000000000000e+15
1.449447999999999936e+01 1.468026000000000053e+01 2.000000000000000000e+00 7.761000000000000000e+14
