# M_low [Msun/h] M_high[Msun/h] Number M_total[Msun/h]
1.282241999999999926e+01 1.311336999999999975e+01 3.893100000000000000e+05 3.562738000000000000e+18
1.311336999999999975e+01 1.340432000000000023e+01 2.146210000000000000e+05 3.833068000000000000e+18
1.340432000000000023e+01 1.369527000000000072e+01 1.150650000000000000e+05 4.011650000000000000e+18
1.369527000000000072e+01 1.398621999999999943e+01 5.915800000000000000e+04 4.016576000000000000e+18
1.398621999999999943e+01 1.427716999999999992e+01 2.804400000000000000e+04 3.702687000000000000e+18
1.427716999999999992e+01 1.456812000000000040e+01 1.208900000000000000e+04 3.086014000000000000e+18
1.456812000000000040e+01 1.485906999999999911e+01 4.221000000000000000e+03 2.091428000000000000e+18
1.485906999999999911e+01 1.515001999999999960e+01 1.081000000000000000e+03 1.014404000000000000e+18
1.515001999999999960e+01 1.544097000000000008e+01 2.050000000000000000e+02 3.628015000000000000e+17
1.544097000000000008e+01 1.573192000000000057e+01 1.600000000000000000e+01 5.262880000000000000e+16
