# M_low [Msun/h] M_high[Msun/h] Number M_total[Msun/h]
1.282241999999999926e+01 1.305320999999999998e+01 2.570860000000000000e+05 2.195697000000000000e+18
1.305320999999999998e+01 1.328401000000000032e+01 1.423450000000000000e+05 2.070349000000000000e+18
1.328401000000000032e+01 1.351479999999999926e+01 7.652300000000000000e+04 1.885627000000000000e+18
1.351479999999999926e+01 1.374559999999999960e+01 3.856700000000000000e+04 1.608996000000000000e+18
1.374559999999999960e+01 1.397639000000000031e+01 1.748700000000000000e+04 1.236370000000000000e+18
1.397639000000000031e+01 1.420719000000000065e+01 7.069000000000000000e+03 8.437393000000000000e+17
1.420719000000000065e+01 1.443797999999999959e+01 2.342000000000000000e+03 4.735397000000000000e+17
1.443797999999999959e+01 1.466877999999999993e+01 6.170000000000000000e+02 2.093735000000000000e+17
1.466877999999999993e+01 1.489957000000000065e+01 9.100000000000000000e+01 5.319322000000000000e+16
1.489957000000000065e+01 1.513036999999999921e+01 1.400000000000000000e+01 1.332955000000000000e+16
