# M_low [Msun/h] M_high[Msun/h] Number M_total[Msun/h]
1.282241999999999926e+01 1.311303999999999981e+01 3.843690000000000000e+05 3.515003000000000000e+18
1.311303999999999981e+01 1.340366000000000035e+01 2.090010000000000000e+05 3.727859000000000000e+18
1.340366000000000035e+01 1.369429000000000052e+01 1.104190000000000000e+05 3.837614000000000000e+18
1.369429000000000052e+01 1.398490999999999929e+01 5.576700000000000000e+04 3.771252000000000000e+18
1.398490999999999929e+01 1.427552999999999983e+01 2.554600000000000000e+04 3.358073000000000000e+18
1.427552999999999983e+01 1.456615000000000038e+01 1.046200000000000000e+04 2.648840000000000000e+18
1.456615000000000038e+01 1.485678000000000054e+01 3.512000000000000000e+03 1.722564000000000000e+18
1.485678000000000054e+01 1.514739999999999931e+01 7.940000000000000000e+02 7.369277000000000000e+17
1.514739999999999931e+01 1.543801999999999985e+01 1.370000000000000000e+02 2.393338000000000000e+17
1.543801999999999985e+01 1.572865000000000002e+01 8.000000000000000000e+00 2.652700000000000000e+16
