# M_low [Msun/h] M_high[Msun/h] Number M_total[Msun/h]
1.283238000000000056e+01 1.304571999999999932e+01 1.992720000000000000e+05 1.705400000000000000e+18
1.304571999999999932e+01 1.325905999999999985e+01 1.091500000000000000e+05 1.525413000000000000e+18
1.325905999999999985e+01 1.347240000000000038e+01 5.648000000000000000e+04 1.287746000000000000e+18
1.347240000000000038e+01 1.368572999999999951e+01 2.718900000000000000e+04 1.009907000000000000e+18
1.368572999999999951e+01 1.389907000000000004e+01 1.183800000000000000e+04 7.141707000000000000e+17
1.389907000000000004e+01 1.411241000000000057e+01 4.354000000000000000e+03 4.267821000000000000e+17
1.411241000000000057e+01 1.432574999999999932e+01 1.394000000000000000e+03 2.217591000000000000e+17
1.432574999999999932e+01 1.453908999999999985e+01 3.780000000000000000e+02 9.775965000000000000e+16
1.453908999999999985e+01 1.475242000000000075e+01 6.200000000000000000e+01 2.539069000000000000e+16
1.475242000000000075e+01 1.496575999999999951e+01 8.000000000000000000e+00 4.959580000000000000e+15
