# M_low [Msun/h] M_high[Msun/h] Number M_total[Msun/h]
1.283238000000000056e+01 1.294763999999999982e+01 6.624000000000000000e+03 5.075639000000000000e+16
1.294763999999999982e+01 1.306290000000000084e+01 3.266000000000000000e+03 3.257817000000000000e+16
1.306290000000000084e+01 1.317816000000000010e+01 1.635000000000000000e+03 2.131310000000000000e+16
1.317816000000000010e+01 1.329341999999999935e+01 7.680000000000000000e+02 1.307451000000000000e+16
1.329341999999999935e+01 1.340868000000000038e+01 3.040000000000000000e+02 6.754430000000000000e+15
1.340868000000000038e+01 1.352393999999999963e+01 1.410000000000000000e+02 4.018423000000000000e+15
1.352393999999999963e+01 1.363920000000000066e+01 4.400000000000000000e+01 1.638222000000000000e+15
1.363920000000000066e+01 1.375445999999999991e+01 1.300000000000000000e+01 6.359190000000000000e+14
1.375445999999999991e+01 1.386971999999999916e+01 8.000000000000000000e+00 5.104960000000000000e+14
1.386971999999999916e+01 1.398498000000000019e+01 1.000000000000000000e+00 7.923100000000000000e+13
