3.126538000000000000e+06 1.700103000000000000e+06 9.917494000000000233e+05 5.539695999999999767e+05 3.169534000000000233e+05 1.272425000000000000e+05 5.290590000000000146e+04 1.212876000000000022e+04 1.297398999999999887e+03 1.311886000000000081e+02
1.700103000000000000e+06 1.271079000000000000e+06 6.068735000000000000e+05 3.442510000000000000e+05 1.951168999999999942e+05 8.102894999999999709e+04 2.989791999999999825e+04 7.641546000000000276e+03 5.788048000000000002e+02 6.332139999999999702e+01
9.917494000000000233e+05 6.068735000000000000e+05 4.647030999999999767e+05 1.990756000000000058e+05 1.159581000000000058e+05 4.682019999999999709e+04 1.805320999999999913e+04 3.982706000000000131e+03 4.159984000000000037e+02 3.401935999999999893e+01
5.539695999999999767e+05 3.442510000000000000e+05 1.990756000000000058e+05 1.604822000000000116e+05 6.576814999999999418e+04 2.698602999999999884e+04 1.031753000000000065e+04 2.386454999999999927e+03 2.174961999999999875e+02 3.380299000000000120e+01
3.169534000000000233e+05 1.951168999999999942e+05 1.159581000000000058e+05 6.576814999999999418e+04 6.012620999999999913e+04 1.543839999999999964e+04 6.029372999999999593e+03 1.403253999999999905e+03 1.880071000000000083e+02 1.575042999999999971e+00
1.272425000000000000e+05 8.102894999999999709e+04 4.682019999999999709e+04 2.698602999999999884e+04 1.543839999999999964e+04 1.533493000000000029e+04 2.276987000000000080e+03 7.506559999999999491e+02 5.356705000000000183e+01 1.462177999999999933e+01
5.290590000000000146e+04 2.989791999999999825e+04 1.805320999999999913e+04 1.031753000000000065e+04 6.029372999999999593e+03 2.276987000000000080e+03 3.284492000000000189e+03 2.152039000000000044e+02 2.393752999999999886e+01 1.795314999999999994e+00
1.212876000000000022e+04 7.641546000000000276e+03 3.982706000000000131e+03 2.386454999999999927e+03 1.403253999999999905e+03 7.506559999999999491e+02 2.152039000000000044e+02 5.269687999999999874e+02 1.397265999999999941e+01 3.368408000000000069e+00
1.297398999999999887e+03 5.788048000000000002e+02 4.159984000000000037e+02 2.174961999999999875e+02 1.880071000000000083e+02 5.356705000000000183e+01 2.393752999999999886e+01 1.397265999999999941e+01 3.680297999999999803e+01 -2.339171999999999918e-01
1.311886000000000081e+02 6.332139999999999702e+01 3.401935999999999893e+01 3.380299000000000120e+01 1.575042999999999971e+00 1.462177999999999933e+01 1.795314999999999994e+00 3.368408000000000069e+00 -2.339171999999999918e-01 2.976596999999999937e+00
