9.617180000000000291e+03 2.089036999999999807e+03 1.006217999999999961e+03 6.028202999999999747e+02 2.994140999999999941e+00 1.794612999999999943e+02 5.663915999999999684e+01 -2.813244999999999862e+01 1.646777000000000157e+01 -5.925902999999999921e+00
2.089036999999999807e+03 4.236202000000000226e+03 4.027001999999999953e+02 4.311562000000000126e+02 1.006156000000000006e+02 1.402997000000000014e+02 -6.705626999999999560e-01 4.066260999999999903e+00 1.294341999999999970e+01 1.617928000000000033e+00
1.006217999999999961e+03 4.027001999999999953e+02 1.674579999999999927e+03 1.821435999999999922e+02 4.513042999999999694e+01 4.564699999999999847e+01 1.246779000000000082e+01 9.467800000000000438e+00 -5.458068999999999837e-01 8.050652000000000363e-01
6.028202999999999747e+02 4.311562000000000126e+02 1.821435999999999922e+02 9.182030999999999494e+02 6.088085999999999842e+01 5.539159999999999684e+01 6.986328000000000316e+00 6.487305000000000099e+00 6.986328000000000316e+00 4.990234000000000059e-01
2.994140999999999941e+00 1.006156000000000006e+02 4.513042999999999694e+01 6.088085999999999842e+01 2.909307000000000016e+02 -5.707581000000000238e+00 -4.116943000000000019e+00 4.272888000000000019e+00 -7.485351999999999562e-01 4.054564999999999975e-01
1.794612999999999943e+02 1.402997000000000014e+02 4.564699999999999847e+01 5.539159999999999684e+01 -5.707581000000000238e+00 1.458843999999999994e+02 2.877181999999999906e+00 -5.789452000000000487e-01 -2.027283000000000002e-01 -2.748528000000000082e-01
5.663915999999999684e+01 -6.705626999999999560e-01 1.246779000000000082e+01 6.986328000000000316e+00 -4.116943000000000019e+00 2.877181999999999906e+00 4.612848000000000326e+01 -1.169585999999999959e-01 2.307983000000000118e+00 -8.576965000000000283e-02
-2.813244999999999862e+01 4.066260999999999903e+00 9.467800000000000438e+00 6.487305000000000099e+00 4.272888000000000019e+00 -5.789452000000000487e-01 -1.169585999999999959e-01 1.264517999999999986e+01 -2.027283000000000002e-01 -2.534103000000000050e-02
1.646777000000000157e+01 1.294341999999999970e+01 -5.458068999999999837e-01 6.986328000000000316e+00 -7.485351999999999562e-01 -2.027283000000000002e-01 2.307983000000000118e+00 -2.027283000000000002e-01 7.859619000000000355e+00 -1.559448000000000084e-02
-5.925902999999999921e+00 1.617928000000000033e+00 8.050652000000000363e-01 4.990234000000000059e-01 4.054564999999999975e-01 -2.748528000000000082e-01 -8.576965000000000283e-02 -2.534103000000000050e-02 -1.559448000000000084e-02 9.960976000000000274e-01
