# M_low [Msun/h] M_high[Msun/h] Number M_total[Msun/h]
1.283238000000000056e+01 1.298743999999999943e+01 5.084800000000000000e+04 4.074294000000000000e+17
1.298743999999999943e+01 1.314250000000000007e+01 2.718900000000000000e+04 3.110615000000000000e+17
1.314250000000000007e+01 1.329756000000000071e+01 1.365300000000000000e+04 2.226867000000000000e+17
1.329756000000000071e+01 1.345261999999999958e+01 6.277000000000000000e+03 1.458864000000000000e+17
1.345261999999999958e+01 1.360768000000000022e+01 2.733000000000000000e+03 9.056362000000000000e+16
1.360768000000000022e+01 1.376274000000000086e+01 1.027000000000000000e+03 4.869220000000000000e+16
1.376274000000000086e+01 1.391779000000000011e+01 3.210000000000000000e+02 2.132311000000000000e+16
1.391779000000000011e+01 1.407285000000000075e+01 1.060000000000000000e+02 1.022597000000000000e+16
1.407285000000000075e+01 1.422790999999999961e+01 2.800000000000000000e+01 3.805010000000000000e+15
1.422790999999999961e+01 1.438297000000000025e+01 3.000000000000000000e+00 5.631100000000000000e+14
