# M_low [Msun/h] M_high[Msun/h] Number M_total[Msun/h]
1.283238000000000056e+01 1.312726999999999933e+01 3.907990000000000000e+05 3.667323000000000000e+18
1.312726999999999933e+01 1.342216999999999949e+01 2.053070000000000000e+05 3.794595000000000000e+18
1.342216999999999949e+01 1.371706000000000003e+01 1.041900000000000000e+05 3.785709000000000000e+18
1.371706000000000003e+01 1.401195000000000057e+01 4.897500000000000000e+04 3.500063000000000000e+18
1.401195000000000057e+01 1.430685000000000073e+01 2.079700000000000000e+04 2.907759000000000000e+18
1.430685000000000073e+01 1.460173999999999950e+01 7.511000000000000000e+03 2.042075000000000000e+18
1.460173999999999950e+01 1.489663000000000004e+01 2.041000000000000000e+03 1.082104000000000000e+18
1.489663000000000004e+01 1.519152000000000058e+01 3.790000000000000000e+02 3.800508000000000000e+17
1.519152000000000058e+01 1.548642000000000074e+01 3.900000000000000000e+01 7.527130000000000000e+16
1.548642000000000074e+01 1.578130999999999950e+01 3.000000000000000000e+00 1.010290000000000000e+16
