# M_low [Msun/h] M_high[Msun/h] Number M_total[Msun/h]
1.283238000000000056e+01 1.307449000000000083e+01 2.678050000000000000e+05 2.368443000000000000e+18
1.307449000000000083e+01 1.331658999999999970e+01 1.430360000000000000e+05 2.206901000000000000e+18
1.331658999999999970e+01 1.355869999999999997e+01 7.336100000000000000e+04 1.969227000000000000e+18
1.355869999999999997e+01 1.380080000000000062e+01 3.479600000000000000e+04 1.623436000000000000e+18
1.380080000000000062e+01 1.404290999999999912e+01 1.451700000000000000e+04 1.174594000000000000e+18
1.404290999999999912e+01 1.428500999999999976e+01 5.200000000000000000e+03 7.293648000000000000e+17
1.428500999999999976e+01 1.452712000000000003e+01 1.494000000000000000e+03 3.641113000000000000e+17
1.452712000000000003e+01 1.476922000000000068e+01 3.500000000000000000e+02 1.448156000000000000e+17
1.476922000000000068e+01 1.501132999999999917e+01 5.200000000000000000e+01 3.647240000000000000e+16
1.501132999999999917e+01 1.525342999999999982e+01 4.000000000000000000e+00 5.331100000000000000e+15
