# M_low [Msun/h] M_high[Msun/h] Number M_total[Msun/h]
1.283238000000000056e+01 1.305941999999999936e+01 2.330370000000000000e+05 2.027881000000000000e+18
1.305941999999999936e+01 1.328645000000000032e+01 1.254730000000000000e+05 1.838362000000000000e+18
1.328645000000000032e+01 1.351348999999999911e+01 6.499100000000000000e+04 1.601331000000000000e+18
1.351348999999999911e+01 1.374052999999999969e+01 3.109200000000000000e+04 1.287076000000000000e+18
1.374052999999999969e+01 1.396756000000000064e+01 1.329800000000000000e+04 9.242681000000000000e+17
1.396756000000000064e+01 1.419459999999999944e+01 4.797000000000000000e+03 5.604806000000000000e+17
1.419459999999999944e+01 1.442163000000000039e+01 1.444000000000000000e+03 2.826573000000000000e+17
1.442163000000000039e+01 1.464866999999999919e+01 3.850000000000000000e+02 1.232352000000000000e+17
1.464866999999999919e+01 1.487570999999999977e+01 5.900000000000000000e+01 3.149965000000000000e+16
1.487570999999999977e+01 1.510274000000000072e+01 5.000000000000000000e+00 4.506770000000000000e+15
