# M_low [Msun/h] M_high[Msun/h] Number M_total[Msun/h]
1.283238000000000056e+01 1.310271000000000008e+01 3.339090000000000000e+05 3.045580000000000000e+18
1.310271000000000008e+01 1.337303999999999959e+01 1.775920000000000000e+05 3.014397000000000000e+18
1.337303999999999959e+01 1.364337000000000089e+01 8.944500000000000000e+04 2.821714000000000000e+18
1.364337000000000089e+01 1.391370000000000040e+01 4.191700000000000000e+04 2.453969000000000000e+18
1.391370000000000040e+01 1.418402999999999992e+01 1.755600000000000000e+04 1.899504000000000000e+18
1.418402999999999992e+01 1.445435999999999943e+01 6.137000000000000000e+03 1.225137000000000000e+18
1.445435999999999943e+01 1.472469000000000072e+01 1.695000000000000000e+03 6.258072000000000000e+17
1.472469000000000072e+01 1.499502999999999986e+01 3.350000000000000000e+02 2.260858000000000000e+17
1.499502999999999986e+01 1.526535999999999937e+01 4.000000000000000000e+01 4.850550000000000000e+16
1.526535999999999937e+01 1.553569000000000067e+01 2.000000000000000000e+00 4.694800000000000000e+15
