# M_low [Msun/h] M_high[Msun/h] Number M_total[Msun/h]
1.283238000000000056e+01 1.310435000000000016e+01 3.539750000000000000e+05 3.240493000000000000e+18
1.310435000000000016e+01 1.337631000000000014e+01 1.914070000000000000e+05 3.277115000000000000e+18
1.337631000000000014e+01 1.364827000000000012e+01 9.990400000000000000e+04 3.188799000000000000e+18
1.364827000000000012e+01 1.392023999999999972e+01 4.869900000000000000e+04 2.894807000000000000e+18
1.392023999999999972e+01 1.419219999999999970e+01 2.167000000000000000e+04 2.393734000000000000e+18
1.419219999999999970e+01 1.446416999999999931e+01 8.313000000000000000e+03 1.700515000000000000e+18
1.446416999999999931e+01 1.473612999999999928e+01 2.511000000000000000e+03 9.498584000000000000e+17
1.473612999999999928e+01 1.500808999999999926e+01 5.970000000000000000e+02 4.156165000000000000e+17
1.500808999999999926e+01 1.528006000000000064e+01 8.000000000000000000e+01 1.017355000000000000e+17
1.528006000000000064e+01 1.555202000000000062e+01 5.000000000000000000e+00 1.239610000000000000e+16
