1.495583000000000000e+06 7.596195000000000000e+05 4.545075000000000000e+05 2.602047999999999884e+05 1.209503999999999942e+05 5.212556999999999971e+04 2.094884000000000015e+04 5.683975999999999658e+03 1.664868999999999915e+03 1.629292000000000087e+02
7.596195000000000000e+05 5.743070000000000000e+05 2.711615000000000000e+05 1.571405000000000000e+05 7.656008000000000175e+04 3.179859000000000015e+04 1.248450000000000000e+04 3.782782999999999902e+03 7.816675999999999931e+02 1.094634999999999962e+02
4.545075000000000000e+05 2.711615000000000000e+05 2.311785000000000000e+05 9.399203999999999360e+04 4.486729000000000087e+04 1.899900000000000000e+04 7.190000000000000000e+03 2.217474999999999909e+03 7.722913999999999533e+02 4.323765000000000214e+01
2.602047999999999884e+05 1.571405000000000000e+05 9.399203999999999360e+04 8.348633999999999651e+04 2.684963000000000102e+04 1.085544000000000051e+04 4.252521999999999935e+03 1.438458000000000084e+03 4.292927000000000248e+02 1.932936000000000121e+01
1.209503999999999942e+05 7.656008000000000175e+04 4.486729000000000087e+04 2.684963000000000102e+04 2.596679999999999927e+04 5.275842999999999847e+03 2.102369999999999891e+03 7.380829999999999700e+02 2.211803999999999917e+02 1.410910999999999937e+01
5.212556999999999971e+04 3.179859000000000015e+04 1.899900000000000000e+04 1.085544000000000051e+04 5.275842999999999847e+03 6.885756999999999607e+03 1.161688000000000102e+03 3.452053000000000225e+02 4.513237999999999772e+01 2.150088999999999917e+00
2.094884000000000015e+04 1.248450000000000000e+04 7.190000000000000000e+03 4.252521999999999935e+03 2.102369999999999891e+03 1.161688000000000102e+03 1.696148999999999887e+03 1.409038999999999930e+02 4.451444999999999652e+01 -2.097458000000000045e+00
5.683975999999999658e+03 3.782782999999999902e+03 2.217474999999999909e+03 1.438458000000000084e+03 7.380829999999999700e+02 3.452053000000000225e+02 1.409038999999999930e+02 4.246669999999999732e+02 2.458664999999999878e+01 1.237811999999999912e+00
1.664868999999999915e+03 7.816675999999999931e+02 7.722913999999999533e+02 4.292927000000000248e+02 2.211803999999999917e+02 4.513237999999999772e+01 4.451444999999999652e+01 2.458664999999999878e+01 6.207968999999999937e+01 -5.750465000000000160e-01
1.629292000000000087e+02 1.094634999999999962e+02 4.323765000000000214e+01 1.932936000000000121e+01 1.410910999999999937e+01 2.150088999999999917e+00 -2.097458000000000045e+00 1.237811999999999912e+00 -5.750465000000000160e-01 4.941501999999999839e+00
