# M_low [Msun/h] M_high[Msun/h] Number M_total[Msun/h]
1.283238000000000056e+01 1.313377999999999979e+01 4.064520000000000000e+05 3.842741000000000000e+18
1.313377999999999979e+01 1.343516999999999939e+01 2.129160000000000000e+05 4.025962000000000000e+18
1.343516999999999939e+01 1.373657000000000039e+01 1.081880000000000000e+05 4.082979000000000000e+18
1.373657000000000039e+01 1.403795999999999999e+01 5.139300000000000000e+04 3.870983000000000000e+18
1.403795999999999999e+01 1.433935999999999922e+01 2.208800000000000000e+04 3.305394000000000000e+18
1.433935999999999922e+01 1.464075000000000060e+01 8.081000000000000000e+03 2.382177000000000000e+18
1.464075000000000060e+01 1.494214999999999982e+01 2.253000000000000000e+03 1.309450000000000000e+18
1.494214999999999982e+01 1.524355000000000082e+01 4.480000000000000000e+02 5.028311000000000000e+17
1.524355000000000082e+01 1.554494000000000042e+01 4.000000000000000000e+01 8.832170000000000000e+16
1.554494000000000042e+01 1.584633999999999965e+01 3.000000000000000000e+00 1.171420000000000000e+16
