# M_low [Msun/h] M_high[Msun/h] Number M_total[Msun/h]
1.283238000000000056e+01 1.309441999999999950e+01 3.064250000000000000e+05 2.767251000000000000e+18
1.309441999999999950e+01 1.335646000000000022e+01 1.611300000000000000e+05 2.658440000000000000e+18
1.335646000000000022e+01 1.361849999999999916e+01 8.003900000000000000e+04 2.406762000000000000e+18
1.361849999999999916e+01 1.388053999999999988e+01 3.698000000000000000e+04 2.021872000000000000e+18
1.388053999999999988e+01 1.414258000000000060e+01 1.494900000000000000e+04 1.484464000000000000e+18
1.414258000000000060e+01 1.440461999999999954e+01 4.971000000000000000e+03 8.938636000000000000e+17
1.440461999999999954e+01 1.466666000000000025e+01 1.336000000000000000e+03 4.353974000000000000e+17
1.466666000000000025e+01 1.492869999999999919e+01 2.630000000000000000e+02 1.532395000000000000e+17
1.492869999999999919e+01 1.519073999999999991e+01 2.500000000000000000e+01 2.588717000000000000e+16
1.519073999999999991e+01 1.545278000000000063e+01 2.000000000000000000e+00 4.305200000000000000e+15
