# M_low [Msun/h] M_high[Msun/h] Number M_total[Msun/h]
1.287392000000000003e+01 1.311439999999999984e+01 3.192440000000000000e+05 3.104964000000000000e+18
1.311439999999999984e+01 1.335487999999999964e+01 1.803860000000000000e+05 3.051444000000000000e+18
1.335487999999999964e+01 1.359535999999999945e+01 9.896300000000000000e+04 2.906388000000000000e+18
1.359535999999999945e+01 1.383582999999999963e+01 5.067500000000000000e+04 2.582452000000000000e+18
1.383582999999999963e+01 1.407630999999999943e+01 2.423100000000000000e+04 2.137937000000000000e+18
1.407630999999999943e+01 1.431678999999999924e+01 1.025400000000000000e+04 1.560391000000000000e+18
1.431678999999999924e+01 1.455727000000000082e+01 3.701000000000000000e+03 9.765844000000000000e+17
1.455727000000000082e+01 1.479775000000000063e+01 1.051000000000000000e+03 4.748686000000000000e+17
1.479775000000000063e+01 1.503823000000000043e+01 1.910000000000000000e+02 1.450952000000000000e+17
1.503823000000000043e+01 1.527871000000000024e+01 1.400000000000000000e+01 1.857430000000000000e+16
