# M_low [Msun/h] M_high[Msun/h] Number M_total[Msun/h]
1.287392000000000003e+01 1.302783999999999942e+01 3.954700000000000000e+04 3.477667000000000000e+17
1.302783999999999942e+01 1.318176000000000059e+01 1.978600000000000000e+04 2.484298000000000000e+17
1.318176000000000059e+01 1.333567999999999998e+01 9.596000000000000000e+03 1.710419000000000000e+17
1.333567999999999998e+01 1.348959999999999937e+01 4.170000000000000000e+03 1.057691000000000000e+17
1.348959999999999937e+01 1.364352000000000054e+01 1.650000000000000000e+03 5.924500000000000000e+16
1.364352000000000054e+01 1.379743999999999993e+01 5.880000000000000000e+02 2.993491000000000000e+16
1.379743999999999993e+01 1.395135999999999932e+01 1.710000000000000000e+02 1.233426000000000000e+16
1.395135999999999932e+01 1.410528000000000048e+01 3.000000000000000000e+01 3.181807000000000000e+15
1.410528000000000048e+01 1.425919999999999987e+01 1.000000000000000000e+00 1.710700000000000000e+14
