1.178892000000000000e+06 7.043084000000000233e+05 4.419982000000000116e+05 2.586910000000000000e+05 1.459997000000000116e+05 8.161607000000000698e+04 3.862045999999999913e+04 1.191904000000000087e+04 3.154755999999999858e+03 4.613763999999999896e+02
7.043084000000000233e+05 6.253096999999999534e+05 3.211430999999999767e+05 1.845760000000000000e+05 1.051828000000000029e+05 6.108513999999999942e+04 2.714433000000000175e+04 7.855762999999999920e+03 2.615864999999999782e+03 4.065443000000000211e+02
4.419982000000000116e+05 3.211430999999999767e+05 2.784922999999999884e+05 1.201673000000000029e+05 6.297377999999999884e+04 3.726186000000000058e+04 1.713183000000000175e+04 4.976921000000000276e+03 1.468079999999999927e+03 2.817182000000000244e+02
2.586910000000000000e+05 1.845760000000000000e+05 1.201673000000000029e+05 1.049390000000000000e+05 3.892286000000000058e+04 2.190315999999999985e+04 1.045176000000000022e+04 3.063827000000000226e+03 9.190217999999999847e+02 2.855993000000000279e+02
1.459997000000000116e+05 1.051828000000000029e+05 6.297377999999999884e+04 3.892286000000000058e+04 4.126237000000000262e+04 1.234204000000000087e+04 5.729452000000000226e+03 1.988567000000000007e+03 3.980258000000000038e+02 1.297441000000000031e+02
8.161607000000000698e+04 6.108513999999999942e+04 3.726186000000000058e+04 2.190315999999999985e+04 1.234204000000000087e+04 1.554553000000000065e+04 3.645295999999999822e+03 1.101612000000000080e+03 3.016363000000000056e+02 5.371714000000000055e+01
3.862045999999999913e+04 2.714433000000000175e+04 1.713183000000000175e+04 1.045176000000000022e+04 5.729452000000000226e+03 3.645295999999999822e+03 4.647125000000000000e+03 4.435772999999999797e+02 1.521085999999999956e+02 4.008561999999999870e+01
1.191904000000000087e+04 7.855762999999999920e+03 4.976921000000000276e+03 3.063827000000000226e+03 1.988567000000000007e+03 1.101612000000000080e+03 4.435772999999999797e+02 1.073912000000000035e+03 4.431172000000000111e+01 1.280892000000000053e+01
3.154755999999999858e+03 2.615864999999999782e+03 1.468079999999999927e+03 9.190217999999999847e+02 3.980258000000000038e+02 3.016363000000000056e+02 1.521085999999999956e+02 4.431172000000000111e+01 2.260263999999999953e+02 9.286514000000000379e+00
4.613763999999999896e+02 4.065443000000000211e+02 2.817182000000000244e+02 2.855993000000000279e+02 1.297441000000000031e+02 5.371714000000000055e+01 4.008561999999999870e+01 1.280892000000000053e+01 9.286514000000000379e+00 3.081275000000000119e+01
