# M_low [Msun/h] M_high[Msun/h] Number M_total[Msun/h]
1.287392000000000003e+01 1.310551000000000066e+01 2.881970000000000000e+05 2.773168000000000000e+18
1.310551000000000066e+01 1.333709999999999951e+01 1.637660000000000000e+05 2.686950000000000000e+18
1.333709999999999951e+01 1.356868000000000052e+01 8.866500000000000000e+04 2.474062000000000000e+18
1.356868000000000052e+01 1.380026999999999937e+01 4.487300000000000000e+04 2.125702000000000000e+18
1.380026999999999937e+01 1.403186000000000000e+01 2.108700000000000000e+04 1.696006000000000000e+18
1.403186000000000000e+01 1.426345000000000063e+01 8.751000000000000000e+03 1.190956000000000000e+18
1.426345000000000063e+01 1.449503999999999948e+01 3.195000000000000000e+03 7.353803000000000000e+17
1.449503999999999948e+01 1.472662000000000049e+01 8.320000000000000000e+02 3.221420000000000000e+17
1.472662000000000049e+01 1.495820999999999934e+01 1.520000000000000000e+02 9.854053000000000000e+16
1.495820999999999934e+01 1.518979999999999997e+01 8.000000000000000000e+00 7.981060000000000000e+15
