# M_low [Msun/h] M_high[Msun/h] Number M_total[Msun/h]
1.287392000000000003e+01 1.306415999999999933e+01 1.631160000000000000e+05 1.497727000000000000e+18
1.306415999999999933e+01 1.325440000000000040e+01 9.278800000000000000e+04 1.318977000000000000e+18
1.325440000000000040e+01 1.344463999999999970e+01 4.986900000000000000e+04 1.098381000000000000e+18
1.344463999999999970e+01 1.363488000000000078e+01 2.487200000000000000e+04 8.454552000000000000e+17
1.363488000000000078e+01 1.382512000000000008e+01 1.167000000000000000e+04 6.138498000000000000e+17
1.382512000000000008e+01 1.401537000000000077e+01 4.737000000000000000e+03 3.840952000000000000e+17
1.401537000000000077e+01 1.420561000000000007e+01 1.735000000000000000e+03 2.171148000000000000e+17
1.420561000000000007e+01 1.439584999999999937e+01 4.680000000000000000e+02 8.983990000000000000e+16
1.439584999999999937e+01 1.458609000000000044e+01 1.030000000000000000e+02 2.964888000000000000e+16
1.458609000000000044e+01 1.477632999999999974e+01 8.000000000000000000e+00 3.529790000000000000e+15
