# M_low [Msun/h] M_high[Msun/h] Number M_total[Msun/h]
1.287392000000000003e+01 1.313275999999999932e+01 3.569860000000000000e+05 3.542982000000000000e+18
1.313275999999999932e+01 1.339159000000000077e+01 1.981310000000000000e+05 3.564760000000000000e+18
1.339159000000000077e+01 1.365043000000000006e+01 1.062810000000000000e+05 3.462176000000000000e+18
1.365043000000000006e+01 1.390926999999999936e+01 5.357500000000000000e+04 3.159139000000000000e+18
1.390926999999999936e+01 1.416811000000000043e+01 2.478800000000000000e+04 2.638913000000000000e+18
1.416811000000000043e+01 1.442694000000000010e+01 1.001800000000000000e+04 1.914204000000000000e+18
1.442694000000000010e+01 1.468577999999999939e+01 3.427000000000000000e+03 1.180020000000000000e+18
1.468577999999999939e+01 1.494462000000000046e+01 8.860000000000000000e+02 5.471751000000000000e+17
1.494462000000000046e+01 1.520345999999999975e+01 1.200000000000000000e+02 1.308263000000000000e+17
1.520345999999999975e+01 1.546228999999999942e+01 1.000000000000000000e+01 1.937340000000000000e+16
