# M_low [Msun/h] M_high[Msun/h] Number M_total[Msun/h]
1.287392000000000003e+01 1.306551999999999936e+01 1.859720000000000000e+05 1.711984000000000000e+18
1.306551999999999936e+01 1.325713000000000008e+01 1.089400000000000000e+05 1.558268000000000000e+18
1.325713000000000008e+01 1.344874000000000080e+01 6.038200000000000000e+04 1.342219000000000000e+18
1.344874000000000080e+01 1.364034000000000013e+01 3.161100000000000000e+04 1.089505000000000000e+18
1.364034000000000013e+01 1.383195000000000086e+01 1.509600000000000000e+04 8.061074000000000000e+17
1.383195000000000086e+01 1.402355000000000018e+01 6.880000000000000000e+03 5.696466000000000000e+17
1.402355000000000018e+01 1.421515999999999913e+01 2.562000000000000000e+03 3.277479000000000000e+17
1.421515999999999913e+01 1.440676000000000023e+01 8.470000000000000000e+02 1.665314000000000000e+17
1.440676000000000023e+01 1.459836999999999918e+01 2.040000000000000000e+02 6.145264000000000000e+16
1.459836999999999918e+01 1.478997999999999990e+01 2.700000000000000000e+01 1.257520000000000000e+16
