# M_low [Msun/h] M_high[Msun/h] Number M_total[Msun/h]
1.287392000000000003e+01 1.308238000000000056e+01 2.454630000000000000e+05 2.306450000000000000e+18
1.308238000000000056e+01 1.329083999999999932e+01 1.435030000000000000e+05 2.179719000000000000e+18
1.329083999999999932e+01 1.349929999999999986e+01 8.106200000000000000e+04 1.983902000000000000e+18
1.349929999999999986e+01 1.370776000000000039e+01 4.311400000000000000e+04 1.699989000000000000e+18
1.370776000000000039e+01 1.391621999999999915e+01 2.130400000000000000e+04 1.353072000000000000e+18
1.391621999999999915e+01 1.412467000000000006e+01 9.652000000000000000e+03 9.887366000000000000e+17
1.412467000000000006e+01 1.433313000000000059e+01 3.882000000000000000e+03 6.382742000000000000e+17
1.433313000000000059e+01 1.454158999999999935e+01 1.240000000000000000e+03 3.255169000000000000e+17
1.454158999999999935e+01 1.475004999999999988e+01 3.130000000000000000e+02 1.303370000000000000e+17
1.475004999999999988e+01 1.495851000000000042e+01 4.300000000000000000e+01 2.924340000000000000e+16
