# M_low [Msun/h] M_high[Msun/h] Number M_total[Msun/h]
1.287392000000000003e+01 1.313753999999999955e+01 3.731200000000000000e+05 3.724765000000000000e+18
1.313753999999999955e+01 1.340114999999999945e+01 2.087700000000000000e+05 3.819265000000000000e+18
1.340114999999999945e+01 1.366477000000000075e+01 1.124570000000000000e+05 3.771025000000000000e+18
1.366477000000000075e+01 1.392839000000000027e+01 5.726400000000000000e+04 3.512231000000000000e+18
1.392839000000000027e+01 1.419200000000000017e+01 2.701600000000000000e+04 3.022497000000000000e+18
1.419200000000000017e+01 1.445561999999999969e+01 1.120000000000000000e+04 2.280587000000000000e+18
1.445561999999999969e+01 1.471923999999999921e+01 3.891000000000000000e+03 1.442473000000000000e+18
1.471923999999999921e+01 1.498286000000000051e+01 1.038000000000000000e+03 6.914034000000000000e+17
1.498286000000000051e+01 1.524647000000000041e+01 1.760000000000000000e+02 2.110746000000000000e+17
1.524647000000000041e+01 1.551008999999999993e+01 1.300000000000000000e+01 2.677270000000000000e+16
