# M_low [Msun/h] M_high[Msun/h] Number M_total[Msun/h]
1.287392000000000003e+01 1.307518999999999920e+01 2.158890000000000000e+05 2.009227000000000000e+18
1.307518999999999920e+01 1.327646000000000015e+01 1.267380000000000000e+05 1.874504000000000000e+18
1.327646000000000015e+01 1.347772999999999932e+01 7.032600000000000000e+04 1.651729000000000000e+18
1.347772999999999932e+01 1.367900000000000027e+01 3.681500000000000000e+04 1.370399000000000000e+18
1.367900000000000027e+01 1.388026999999999944e+01 1.788900000000000000e+04 1.054766000000000000e+18
1.388026999999999944e+01 1.408154000000000039e+01 7.931000000000000000e+03 7.418357000000000000e+17
1.408154000000000039e+01 1.428280999999999956e+01 3.116000000000000000e+03 4.605032000000000000e+17
1.428280999999999956e+01 1.448408000000000051e+01 9.490000000000000000e+02 2.218945000000000000e+17
1.448408000000000051e+01 1.468535999999999930e+01 2.280000000000000000e+02 8.207593000000000000e+16
1.468535999999999930e+01 1.488663000000000025e+01 3.300000000000000000e+01 1.870442000000000000e+16
