# M_low [Msun/h] M_high[Msun/h] Number M_total[Msun/h]
1.287392000000000003e+01 1.296706000000000003e+01 3.588000000000000000e+03 2.961062000000000000e+16
1.296706000000000003e+01 1.306020999999999965e+01 2.034000000000000000e+03 2.082361000000000000e+16
1.306020999999999965e+01 1.315334999999999965e+01 1.074000000000000000e+03 1.360962000000000000e+16
1.315334999999999965e+01 1.324649999999999928e+01 5.610000000000000000e+02 8.811648000000000000e+15
1.324649999999999928e+01 1.333965000000000067e+01 2.760000000000000000e+02 5.336406000000000000e+15
1.333965000000000067e+01 1.343279000000000067e+01 1.280000000000000000e+02 3.079920000000000000e+15
1.343279000000000067e+01 1.352594000000000030e+01 4.800000000000000000e+01 1.428131000000000000e+15
1.352594000000000030e+01 1.361908000000000030e+01 2.100000000000000000e+01 7.744290000000000000e+14
1.361908000000000030e+01 1.371222999999999992e+01 1.100000000000000000e+01 5.117600000000000000e+14
1.371222999999999992e+01 1.380536999999999992e+01 1.000000000000000000e+00 6.320800000000000000e+13
