# M_low [Msun/h] M_high[Msun/h] Number M_total[Msun/h]
1.288090000000000046e+01 1.309845999999999933e+01 2.127710000000000000e+05 2.047929000000000000e+18
1.309845999999999933e+01 1.331601999999999997e+01 1.129610000000000000e+05 1.790311000000000000e+18
1.331601999999999997e+01 1.353358000000000061e+01 5.728800000000000000e+04 1.493265000000000000e+18
1.353358000000000061e+01 1.375112999999999985e+01 2.641900000000000000e+04 1.131945000000000000e+18
1.375112999999999985e+01 1.396869000000000050e+01 1.065900000000000000e+04 7.501828000000000000e+17
1.396869000000000050e+01 1.418624999999999936e+01 3.742000000000000000e+03 4.321269000000000000e+17
1.418624999999999936e+01 1.440381000000000000e+01 1.104000000000000000e+03 2.073081000000000000e+17
1.440381000000000000e+01 1.462137000000000064e+01 2.070000000000000000e+02 6.415133000000000000e+16
1.462137000000000064e+01 1.483892999999999951e+01 3.100000000000000000e+01 1.503810000000000000e+16
1.483892999999999951e+01 1.505649000000000015e+01 2.000000000000000000e+00 1.709580000000000000e+15
