# M_low [Msun/h] M_high[Msun/h] Number M_total[Msun/h]
1.288090000000000046e+01 1.313216000000000072e+01 3.603540000000000000e+05 3.605801000000000000e+18
1.313216000000000072e+01 1.338341999999999921e+01 2.013890000000000000e+05 3.593245000000000000e+18
1.338341999999999921e+01 1.363467999999999947e+01 1.082970000000000000e+05 3.441527000000000000e+18
1.363467999999999947e+01 1.388593000000000011e+01 5.536400000000000000e+04 3.122510000000000000e+18
1.388593000000000011e+01 1.413719000000000037e+01 2.593200000000000000e+04 2.595420000000000000e+18
1.413719000000000037e+01 1.438845000000000063e+01 1.053100000000000000e+04 1.867145000000000000e+18
1.438845000000000063e+01 1.463970999999999911e+01 3.581000000000000000e+03 1.120222000000000000e+18
1.463970999999999911e+01 1.489096999999999937e+01 9.490000000000000000e+02 5.220026000000000000e+17
1.489096999999999937e+01 1.514222999999999963e+01 1.640000000000000000e+02 1.564854000000000000e+17
1.514222999999999963e+01 1.539348999999999990e+01 1.700000000000000000e+01 2.836610000000000000e+16
