# M_low [Msun/h] M_high[Msun/h] Number M_total[Msun/h]
1.288090000000000046e+01 1.311462000000000039e+01 3.042230000000000000e+05 2.983409000000000000e+18
1.311462000000000039e+01 1.334834000000000032e+01 1.696270000000000000e+05 2.847482000000000000e+18
1.334834000000000032e+01 1.358206000000000024e+01 9.139700000000000000e+04 2.622950000000000000e+18
1.358206000000000024e+01 1.381578000000000017e+01 4.614000000000000000e+04 2.258702000000000000e+18
1.381578000000000017e+01 1.404949000000000048e+01 2.101000000000000000e+04 1.752279000000000000e+18
1.404949000000000048e+01 1.428321000000000041e+01 8.402000000000000000e+03 1.192714000000000000e+18
1.428321000000000041e+01 1.451693000000000033e+01 2.870000000000000000e+03 6.948346000000000000e+17
1.451693000000000033e+01 1.475065000000000026e+01 7.260000000000000000e+02 2.987751000000000000e+17
1.475065000000000026e+01 1.498437000000000019e+01 1.280000000000000000e+02 8.714888000000000000e+16
1.498437000000000019e+01 1.521809000000000012e+01 1.200000000000000000e+01 1.402190000000000000e+16
