1.833209000000000000e+06 9.653990000000000000e+05 6.311978000000000466e+05 3.596000000000000000e+05 1.832637999999999884e+05 8.655144999999999709e+04 3.362808000000000175e+04 1.050529999999999927e+04 3.016527000000000044e+03 2.671646999999999821e+02
9.653990000000000000e+05 7.542746999999999534e+05 3.949347000000000116e+05 2.259237999999999884e+05 1.126258999999999942e+05 5.185669000000000233e+04 2.106543000000000029e+04 5.420801999999999680e+03 1.834240999999999985e+03 1.694963999999999942e+02
6.311978000000000466e+05 3.949347000000000116e+05 3.497270000000000000e+05 1.459862999999999884e+05 7.526016999999999825e+04 3.493145999999999913e+04 1.581104000000000087e+04 3.987594999999999800e+03 1.393721999999999980e+03 1.454341000000000008e+02
3.596000000000000000e+05 2.259237999999999884e+05 1.459862999999999884e+05 1.236126999999999971e+05 4.370745999999999913e+04 2.037891999999999825e+04 8.343819999999999709e+03 2.587413000000000011e+03 8.762735000000000127e+02 6.365668000000000148e+01
1.832637999999999884e+05 1.126258999999999942e+05 7.526016999999999825e+04 4.370745999999999913e+04 4.047886000000000058e+04 1.131312999999999920e+04 4.517694000000000415e+03 1.405652000000000044e+03 4.586786000000000172e+02 3.635074000000000183e+01
8.655144999999999709e+04 5.185669000000000233e+04 3.493145999999999913e+04 2.037891999999999825e+04 1.131312999999999920e+04 1.262179000000000087e+04 2.458773999999999887e+03 6.567537999999999556e+02 2.916986999999999739e+02 2.797650000000000148e+01
3.362808000000000175e+04 2.106543000000000029e+04 1.581104000000000087e+04 8.343819999999999709e+03 4.517694000000000415e+03 2.458773999999999887e+03 3.307083000000000084e+03 3.488876000000000204e+02 7.738371999999999673e+01 4.647155999999999842e+00
1.050529999999999927e+04 5.420801999999999680e+03 3.987594999999999800e+03 2.587413000000000011e+03 1.405652000000000044e+03 6.567537999999999556e+02 3.488876000000000204e+02 6.260795000000000528e+02 3.633124999999999716e+01 1.840149000000000035e+00
3.016527000000000044e+03 1.834240999999999985e+03 1.393721999999999980e+03 8.762735000000000127e+02 4.586786000000000172e+02 2.916986999999999739e+02 7.738371999999999673e+01 3.633124999999999716e+01 1.028748999999999967e+02 2.417145000000000099e+00
2.671646999999999821e+02 1.694963999999999942e+02 1.454341000000000008e+02 6.365668000000000148e+01 3.635074000000000183e+01 2.797650000000000148e+01 4.647155999999999842e+00 1.840149000000000035e+00 2.417145000000000099e+00 7.859619000000000355e+00
