6.651847000000000116e+04 2.335740999999999985e+04 1.341726000000000022e+04 5.954198000000000320e+03 3.633516000000000076e+03 2.040913999999999987e+03 7.197496999999999616e+02 3.545133000000000152e+02 9.027061000000000490e+01 2.790048000000000172e+01
2.335740999999999985e+04 2.791186000000000058e+04 8.392145000000000437e+03 3.926836999999999989e+03 2.379610999999999876e+03 1.025790999999999940e+03 3.423788000000000125e+02 1.308572000000000060e+02 2.609931999999999874e+01 1.918316000000000088e+01
1.341726000000000022e+04 8.392145000000000437e+03 1.239686000000000058e+04 1.986750999999999976e+03 1.465314000000000078e+03 7.269153999999999769e+02 1.393153000000000077e+02 1.207676000000000016e+02 3.889459000000000088e+01 1.566661000000000037e+01
5.954198000000000320e+03 3.926836999999999989e+03 1.986750999999999976e+03 5.249756000000000313e+03 7.228139999999999645e+02 3.105271000000000186e+02 4.429807999999999879e+01 7.482622999999999536e+01 1.268026000000000053e+01 1.059839999999999982e+01
3.633516000000000076e+03 2.379610999999999876e+03 1.465314000000000078e+03 7.228139999999999645e+02 1.979108999999999924e+03 2.509601000000000113e+02 2.315586000000000055e+01 3.032736999999999838e+01 -8.883006999999999209e+00 1.899212999999999951e+01
2.040913999999999987e+03 1.025790999999999940e+03 7.269153999999999769e+02 3.105271000000000186e+02 2.509601000000000113e+02 6.840811999999999671e+02 2.911295000000000144e+01 1.072121000000000102e+00 9.424915000000000376e+00 4.239749999999999908e+00
7.197496999999999616e+02 3.423788000000000125e+02 1.393153000000000077e+02 4.429807999999999879e+01 2.315586000000000055e+01 2.911295000000000144e+01 2.184923000000000002e+02 1.554379999999999917e+01 3.187122000000000011e+00 -1.949310000000000105e-03
3.545133000000000152e+02 1.308572000000000060e+02 1.207676000000000016e+02 7.482622999999999536e+01 3.032736999999999838e+01 1.072121000000000102e+00 1.554379999999999917e+01 6.935645999999999844e+01 1.805061000000000027e+00 -6.432723999999999664e-01
9.027061000000000490e+01 2.609931999999999874e+01 3.889459000000000088e+01 1.268026000000000053e+01 -8.883006999999999209e+00 9.424915000000000376e+00 3.187122000000000011e+00 1.805061000000000027e+00 1.640344999999999942e+01 -1.656913999999999887e-01
2.790048000000000172e+01 1.918316000000000088e+01 1.566661000000000037e+01 1.059839999999999982e+01 1.899212999999999951e+01 4.239749999999999908e+00 -1.949310000000000105e-03 -6.432723999999999664e-01 -1.656913999999999887e-01 4.941501999999999839e+00
