1.583501000000000000e+06 8.228084000000000233e+05 4.998107000000000116e+05 2.826634000000000233e+05 1.382160000000000000e+05 6.269748000000000320e+04 1.931404000000000087e+04 7.126506999999999607e+03 7.793614999999999782e+02 2.305215000000000032e+02
8.228084000000000233e+05 6.562816999999999534e+05 3.062940000000000000e+05 1.827877000000000116e+05 8.675788000000000466e+04 3.826275000000000000e+04 1.216576000000000022e+04 4.592435000000000400e+03 5.206257000000000517e+02 1.977341000000000122e+02
4.998107000000000116e+05 3.062940000000000000e+05 2.622210000000000000e+05 1.043438000000000029e+05 5.198127999999999884e+04 2.365652999999999884e+04 8.641748999999999796e+03 2.795077000000000226e+03 3.399479999999999791e+02 1.182957999999999998e+02
2.826634000000000233e+05 1.827877000000000116e+05 1.043438000000000029e+05 9.618738999999999942e+04 3.070168000000000029e+04 1.372769000000000051e+04 4.961192000000000007e+03 1.752438000000000102e+03 2.063793000000000006e+02 3.999009999999999820e+01
1.382160000000000000e+05 8.675788000000000466e+04 5.198127999999999884e+04 3.070168000000000029e+04 2.790720999999999913e+04 6.976842999999999847e+03 2.554125000000000000e+03 7.956070999999999458e+02 7.106990000000000407e+01 3.396672999999999831e+01
6.269748000000000320e+04 3.826275000000000000e+04 2.365652999999999884e+04 1.372769000000000051e+04 6.976842999999999847e+03 7.892734000000000378e+03 1.252388999999999896e+03 4.026650999999999954e+02 5.178538000000000352e+01 1.993365000000000009e+01
1.931404000000000087e+04 1.216576000000000022e+04 8.641748999999999796e+03 4.961192000000000007e+03 2.554125000000000000e+03 1.252388999999999896e+03 1.902571999999999889e+03 1.284750999999999976e+02 4.808949000000000140e+00 5.101345000000000240e+00
7.126506999999999607e+03 4.592435000000000400e+03 2.795077000000000226e+03 1.752438000000000102e+03 7.956070999999999458e+02 4.026650999999999954e+02 1.284750999999999976e+02 3.403027999999999906e+02 5.746566999999999759e+00 1.146193999999999935e+00
7.793614999999999782e+02 5.206257000000000517e+02 3.399479999999999791e+02 2.063793000000000006e+02 7.106990000000000407e+01 5.178538000000000352e+01 4.808949000000000140e+00 5.746566999999999759e+00 4.821618999999999744e+01 -2.865485999999999867e-01
2.305215000000000032e+02 1.977341000000000122e+02 1.182957999999999998e+02 3.999009999999999820e+01 3.396672999999999831e+01 1.993365000000000009e+01 5.101345000000000240e+00 1.146193999999999935e+00 -2.865485999999999867e-01 2.976596999999999937e+00
