# M_low [Msun/h] M_high[Msun/h] Number M_total[Msun/h]
1.288090000000000046e+01 1.297101999999999933e+01 2.559000000000000000e+03 2.137371000000000000e+16
1.297101999999999933e+01 1.306113999999999997e+01 1.341000000000000000e+03 1.381512000000000000e+16
1.306113999999999997e+01 1.315126000000000062e+01 7.570000000000000000e+02 9.583072000000000000e+15
1.315126000000000062e+01 1.324136999999999986e+01 4.020000000000000000e+02 6.248216000000000000e+15
1.324136999999999986e+01 1.333149000000000051e+01 1.660000000000000000e+02 3.177464000000000000e+15
1.333149000000000051e+01 1.342160999999999937e+01 8.400000000000000000e+01 2.005853000000000000e+15
1.342160999999999937e+01 1.351173000000000002e+01 3.700000000000000000e+01 1.057032000000000000e+15
1.351173000000000002e+01 1.360185000000000066e+01 1.200000000000000000e+01 4.257250000000000000e+14
1.360185000000000066e+01 1.369196999999999953e+01 6.000000000000000000e+00 2.512670000000000000e+14
1.369196999999999953e+01 1.378209000000000017e+01 1.000000000000000000e+00 5.518700000000000000e+13
