2.466997000000000000e+06 1.342482000000000000e+06 8.417033000000000466e+05 5.105172000000000116e+05 2.951722999999999884e+05 1.332097999999999884e+05 5.889148000000000320e+04 2.327922999999999956e+04 4.707131999999999607e+03 7.335937000000000126e+02
1.342482000000000000e+06 1.047086000000000000e+06 5.464060999999999767e+05 3.299134000000000233e+05 1.829722000000000116e+05 8.372536000000000058e+04 3.670768000000000029e+04 1.461017000000000007e+04 2.867762999999999920e+03 4.564114999999999895e+02
8.417033000000000466e+05 5.464060999999999767e+05 4.429265000000000000e+05 2.091266000000000058e+05 1.152975000000000000e+05 4.990620999999999913e+04 2.412850999999999840e+04 9.161987999999999374e+03 1.683237000000000080e+03 4.381990999999999872e+02
5.105172000000000116e+05 3.299134000000000233e+05 2.091266000000000058e+05 1.766685000000000000e+05 7.311241000000000349e+04 3.226706999999999971e+04 1.524362000000000080e+04 5.390587999999999738e+03 1.186459000000000060e+03 2.800242999999999824e+02
2.951722999999999884e+05 1.829722000000000116e+05 1.152975000000000000e+05 7.311241000000000349e+04 6.497372000000000116e+04 1.956518000000000029e+04 8.591531000000000859e+03 3.068838000000000193e+03 8.046752999999999929e+02 1.284517999999999915e+02
1.332097999999999884e+05 8.372536000000000058e+04 4.990620999999999913e+04 3.226706999999999971e+04 1.956518000000000029e+04 1.887088000000000102e+04 4.292372999999999593e+03 1.594028999999999996e+03 3.578621999999999730e+02 6.707577000000000567e+01
5.889148000000000320e+04 3.670768000000000029e+04 2.412850999999999840e+04 1.524362000000000080e+04 8.591531000000000859e+03 4.292372999999999593e+03 5.324198000000000320e+03 8.119032999999999447e+02 1.654885999999999910e+02 1.912273000000000067e+01
2.327922999999999956e+04 1.461017000000000007e+04 9.161987999999999374e+03 5.390587999999999738e+03 3.068838000000000193e+03 1.594028999999999996e+03 8.119032999999999447e+02 1.213990999999999985e+03 6.568395999999999901e+01 1.020269000000000048e+01
4.707131999999999607e+03 2.867762999999999920e+03 1.683237000000000080e+03 1.186459000000000060e+03 8.046752999999999929e+02 3.578621999999999730e+02 1.654885999999999910e+02 6.568395999999999901e+01 1.871338000000000079e+02 1.840149000000000035e+00
7.335937000000000126e+02 4.564114999999999895e+02 4.381990999999999872e+02 2.800242999999999824e+02 1.284517999999999915e+02 6.707577000000000567e+01 1.912273000000000067e+01 1.020269000000000048e+01 1.840149000000000035e+00 1.453210999999999942e+01
