# M_low [Msun/h] M_high[Msun/h] Number M_total[Msun/h]
1.288090000000000046e+01 1.312317000000000000e+01 3.363830000000000000e+05 3.333156000000000000e+18
1.312317000000000000e+01 1.336542999999999992e+01 1.885080000000000000e+05 3.262855000000000000e+18
1.336542999999999992e+01 1.360769999999999946e+01 1.021250000000000000e+05 3.080240000000000000e+18
1.360769999999999946e+01 1.384995999999999938e+01 5.234100000000000000e+04 2.746934000000000000e+18
1.384995999999999938e+01 1.409223000000000070e+01 2.455200000000000000e+04 2.240226000000000000e+18
1.409223000000000070e+01 1.433450000000000024e+01 9.994000000000000000e+03 1.583033000000000000e+18
1.433450000000000024e+01 1.457676000000000016e+01 3.442000000000000000e+03 9.474104000000000000e+17
1.457676000000000016e+01 1.481902999999999970e+01 9.140000000000000000e+02 4.337484000000000000e+17
1.481902999999999970e+01 1.506129999999999924e+01 1.760000000000000000e+02 1.425145000000000000e+17
1.506129999999999924e+01 1.530355999999999916e+01 1.500000000000000000e+01 2.067310000000000000e+16
