# M_low [Msun/h] M_high[Msun/h] Number M_total[Msun/h]
1.288090000000000046e+01 1.301737999999999928e+01 2.877900000000000000e+04 2.527695000000000000e+17
1.301737999999999928e+01 1.315386999999999951e+01 1.523500000000000000e+04 1.829210000000000000e+17
1.315386999999999951e+01 1.329035000000000011e+01 7.711000000000000000e+03 1.266118000000000000e+17
1.329035000000000011e+01 1.342683000000000071e+01 3.623000000000000000e+03 8.131005000000000000e+16
1.342683000000000071e+01 1.356331999999999915e+01 1.533000000000000000e+03 4.693597000000000000e+16
1.356331999999999915e+01 1.369979999999999976e+01 5.890000000000000000e+02 2.476022000000000000e+16
1.369979999999999976e+01 1.383628000000000036e+01 2.050000000000000000e+02 1.160316000000000000e+16
1.383628000000000036e+01 1.397277000000000058e+01 6.600000000000000000e+01 5.172536000000000000e+15
1.397277000000000058e+01 1.410924999999999940e+01 1.700000000000000000e+01 1.815312000000000000e+15
1.410924999999999940e+01 1.424573000000000000e+01 5.000000000000000000e+00 7.472700000000000000e+14
