# M_low [Msun/h] M_high[Msun/h] Number M_total[Msun/h]
1.288090000000000046e+01 1.310440000000000005e+01 2.425220000000000000e+05 2.347726000000000000e+18
1.310440000000000005e+01 1.332789999999999964e+01 1.322460000000000000e+05 2.138732000000000000e+18
1.332789999999999964e+01 1.355139999999999922e+01 6.800600000000000000e+04 1.835086000000000000e+18
1.355139999999999922e+01 1.377490000000000059e+01 3.241500000000000000e+04 1.457124000000000000e+18
1.377490000000000059e+01 1.399840000000000018e+01 1.347700000000000000e+04 1.008255000000000000e+18
1.399840000000000018e+01 1.422190999999999939e+01 4.954000000000000000e+03 6.173486000000000000e+17
1.422190999999999939e+01 1.444541000000000075e+01 1.517000000000000000e+03 3.124184000000000000e+17
1.444541000000000075e+01 1.466891000000000034e+01 3.160000000000000000e+02 1.072668000000000000e+17
1.466891000000000034e+01 1.489240999999999993e+01 4.900000000000000000e+01 2.633097000000000000e+16
1.489240999999999993e+01 1.511590999999999951e+01 3.000000000000000000e+00 3.076760000000000000e+15
