# M_low [Msun/h] M_high[Msun/h] Number M_total[Msun/h]
1.288090000000000046e+01 1.307870999999999917e+01 1.508300000000000000e+05 1.417933000000000000e+18
1.307870999999999917e+01 1.327651999999999965e+01 7.930800000000000000e+04 1.174139000000000000e+18
1.327651999999999965e+01 1.347433000000000014e+01 3.948400000000000000e+04 9.192652000000000000e+17
1.347433000000000014e+01 1.367212999999999923e+01 1.801500000000000000e+04 6.586186000000000000e+17
1.367212999999999923e+01 1.386993999999999971e+01 7.422000000000000000e+03 4.257131000000000000e+17
1.386993999999999971e+01 1.406775000000000020e+01 2.518000000000000000e+03 2.256763000000000000e+17
1.406775000000000020e+01 1.426556000000000068e+01 7.420000000000000000e+02 1.037763000000000000e+17
1.426556000000000068e+01 1.446336999999999939e+01 1.720000000000000000e+02 3.721188000000000000e+16
1.446336999999999939e+01 1.466117999999999988e+01 3.000000000000000000e+01 1.010458000000000000e+16
1.466117999999999988e+01 1.485899000000000036e+01 2.000000000000000000e+00 1.095650000000000000e+15
