# M_low [Msun/h] M_high[Msun/h] Number M_total[Msun/h]
1.288090000000000046e+01 1.308990000000000009e+01 1.813980000000000000e+05 1.726995000000000000e+18
1.308990000000000009e+01 1.329889999999999972e+01 9.562700000000000000e+04 1.469538000000000000e+18
1.329889999999999972e+01 1.350789999999999935e+01 4.776300000000000000e+04 1.183870000000000000e+18
1.350789999999999935e+01 1.371691000000000038e+01 2.180400000000000000e+04 8.730462000000000000e+17
1.371691000000000038e+01 1.392591000000000001e+01 8.672000000000000000e+03 5.602783000000000000e+17
1.392591000000000001e+01 1.413490999999999964e+01 2.943000000000000000e+03 3.053491000000000000e+17
1.413490999999999964e+01 1.434390999999999927e+01 8.450000000000000000e+02 1.388818000000000000e+17
1.434390999999999927e+01 1.455291000000000068e+01 1.810000000000000000e+02 4.829442000000000000e+16
1.455291000000000068e+01 1.476191000000000031e+01 2.300000000000000000e+01 9.594020000000000000e+15
1.476191000000000031e+01 1.497090999999999994e+01 2.000000000000000000e+00 1.341100000000000000e+15
