# M_low [Msun/h] M_high[Msun/h] Number M_total[Msun/h]
1.288090000000000046e+01 1.310576000000000008e+01 2.704200000000000000e+05 2.624377000000000000e+18
1.310576000000000008e+01 1.333061999999999969e+01 1.505390000000000000e+05 2.450568000000000000e+18
1.333061999999999969e+01 1.355547999999999931e+01 8.040200000000000000e+04 2.192422000000000000e+18
1.355547999999999931e+01 1.378034000000000070e+01 4.007800000000000000e+04 1.828063000000000000e+18
1.378034000000000070e+01 1.400520000000000032e+01 1.776500000000000000e+04 1.352392000000000000e+18
1.400520000000000032e+01 1.423005999999999993e+01 6.974000000000000000e+03 8.847385000000000000e+17
1.423005999999999993e+01 1.445491999999999955e+01 2.390000000000000000e+03 5.055110000000000000e+17
1.445491999999999955e+01 1.467977999999999916e+01 5.860000000000000000e+02 2.059208000000000000e+17
1.467977999999999916e+01 1.490464000000000055e+01 1.010000000000000000e+02 5.890118000000000000e+16
1.490464000000000055e+01 1.512950000000000017e+01 8.000000000000000000e+00 8.011390000000000000e+15
