# e0	e1	f0	f1	g0	g1
4.894269550386264045e-03 3.091794464836757420e-02 3.567815522494520854e-04 2.209398993151263490e-03 4.627157939179345853e-05 4.273921040343872961e-04
3.900101427788832571e-03 2.843242980543772211e-02 2.260054412370374286e-04 1.609239421152161694e-03 4.176679241210255500e-05 4.464307864507347694e-04
1.173646424778811322e-02 9.188562360370368387e-02 8.678362452408156956e-04 6.443102871171972265e-03 7.370077195242227548e-05 7.853738073513803200e-04
1.687020873815884420e-02 7.535571952928761530e-02 6.773697125097877551e-04 3.357091556963226388e-03 3.426810576281525832e-05 3.130397734960312594e-04
6.536806077566243399e-03 5.279929237380301399e-02 4.670886255728633110e-04 3.374276223981490744e-03 5.957050384738013234e-05 6.908009083202177464e-04
3.913684875233042031e-03 2.574841899289018535e-02 2.141053954557417451e-04 1.336600891676760928e-03 4.709258136458699395e-05 4.967817161948841730e-04
7.241655481001439687e-03 4.650670089938106766e-02 6.347376568787157190e-04 3.837104448189037568e-03 7.103294438639850313e-05 6.466162384574122672e-04
3.908829414177414537e-03 2.610327199282868119e-02 3.170819416147876426e-04 2.081521973749820165e-03 5.392215680314271857e-05 5.109891109681111068e-04
3.919419087420213804e-03 2.577033748487106077e-02 2.370849210540038542e-04 1.522306316823921011e-03 4.676895218933017418e-05 4.563651546139462921e-04
7.539453859551356954e-03 3.322606123347449092e-02 5.172785229400907831e-04 2.365844482723424361e-03 4.368869917989795775e-05 3.360401941763743760e-04
3.456233103855466289e-03 2.913886023443913037e-02 2.628328258416862758e-04 1.965473246043233230e-03 7.293552027594064858e-05 8.028924834590165640e-04
5.913050126718128602e-03 5.376249504859535733e-02 3.604900203976884069e-04 2.954238203478575658e-03 6.099543944793945114e-05 7.158359910217858540e-04
4.889077627910505194e-03 3.378131272783976846e-02 3.719306635848363568e-04 2.412779643137434246e-03 5.875925118664105800e-05 6.157017898544282471e-04
3.394969549435375086e-03 2.479175638883324498e-02 2.176969637690737678e-04 1.493949850402793815e-03 4.726231983130043014e-05 4.834915620647308680e-04
3.271996921296681411e-03 2.268439559253106197e-02 1.904080895642734346e-04 1.253941251180923453e-03 4.338156271991504780e-05 4.728404351839911443e-04
2.847798912807155726e-03 2.263403213678572001e-02 2.008467629301964705e-04 1.460561561249192715e-03 6.102633273131633705e-05 6.755927999346899183e-04
3.528204711596783730e-03 2.666335188984798876e-02 2.602475677314617947e-04 1.816397381970730847e-03 5.583196506603125403e-05 5.881503608523556579e-04
4.633063218470193957e-03 3.150807764876589756e-02 2.756597717055119770e-04 1.789570456649270357e-03 5.392344700086064104e-05 5.307113653311449014e-04
6.398047076469559440e-03 4.076007725672420312e-02 4.979853101675423086e-04 3.158730875394903485e-03 5.639202124515308904e-05 5.167582475206479410e-04
4.427715338011075329e-03 3.079900150658636954e-02 3.079624894784956080e-04 2.056965519825943584e-03 5.690202015381067295e-05 5.617207396096389775e-04
4.969824306078227290e-03 2.832244098338310839e-02 3.156256066386788940e-04 1.744473325369379950e-03 5.295664369255745964e-05 4.514201376719018848e-04
5.636945320770749349e-03 3.255308099510641900e-02 3.097425535575107055e-04 1.891252262289445539e-03 2.858180667788623539e-05 2.956354535865331179e-04
4.455886779265899253e-03 3.030532383105745409e-02 2.465848753619410776e-04 1.558772121407367602e-03 4.774520022732080520e-05 4.727997106550053128e-04
1.130221174716348510e-02 2.917880827002509309e-02 9.616883562538223800e-04 3.042065470013100969e-03 4.288450536943913858e-05 5.092954609443297925e-04
1.414344435514221753e-02 1.063263605797466760e-01 1.102997329030864712e-03 8.077659533161862804e-03 9.165768064689546065e-05 9.554019844227652379e-04
6.131402777694445506e-03 4.306608349653399948e-02 3.923075952935429177e-04 2.602640305464323355e-03 5.260192071110989209e-05 5.034033774334325216e-04
2.948726936763116334e-03 2.404906302955804598e-02 2.120177926545907543e-04 1.599633632330812105e-03 5.881578750751378129e-05 6.582165336302623617e-04
7.046543524460272684e-03 3.621790222861122344e-02 5.222181211691713423e-04 2.780417412582605104e-03 5.841133222848575701e-05 4.394067671728955644e-04
2.388270049177825503e-03 1.863601281907134935e-02 1.517023632224900409e-04 1.087676128857374518e-03 4.867274419454479877e-05 5.495087205927039805e-04
2.880100272886175049e-03 2.101568286089267393e-02 1.753533682807424633e-04 1.178935923749952711e-03 4.645452055792510018e-05 5.219492716693262084e-04
3.357626531945788473e-03 2.303228356036565033e-02 2.210129061897875193e-04 1.482064078267448246e-03 5.318727081047725777e-05 5.049063653895703328e-04
2.443141402943104033e-03 1.948647445246947177e-02 1.602560105377266481e-04 1.152503653625438313e-03 4.891636670203329209e-05 5.557699235036944263e-04
7.170390077092806541e-03 4.555280473149016240e-02 5.859157632830072236e-04 3.714693880782896952e-03 6.308947484029621151e-05 5.970048344888347416e-04
6.050767562395924400e-03 4.389694598113233481e-02 4.324000332203469855e-04 3.011931049605381678e-03 6.174561850194442965e-05 5.938113875320647850e-04
4.598475517830357025e-03 2.919801958805435041e-02 2.829034242444684790e-04 1.697868074341790483e-03 5.337236299359081636e-05 4.662799955642277358e-04
1.180838716139027446e-02 1.029339425829430693e-01 8.453738519019841349e-04 6.962130523767582659e-03 7.100396687793910614e-05 7.872986234463054010e-04
2.534019168139879392e-03 2.028444967988689632e-02 1.813617460881554227e-04 1.349546944060355360e-03 5.193319915816803096e-05 5.691790692516346525e-04
1.004325975901777454e-02 5.105484902399214792e-02 5.424681025806359861e-04 3.002116465951119254e-03 3.842501128711333947e-05 2.981009354824377521e-04
5.854823684719640681e-03 4.167504003065847229e-02 4.317694943729556917e-04 3.070673211913794130e-03 5.377909973628748776e-05 5.295505270276968171e-04
