1.783727406379613711e+01 9.728475877997885490e+00 1.472899100285361662e+01 1.891734045689947763e+01 1.209479259394141160e+01 2.755552610656220835e+01 1.243048912686497687e+01 5.189559524708713845e+00 5.373002792477760359e+00 7.409245125441028534e+00
1.163793412698190721e+01 2.041623462830975910e+01 1.730131565043234687e+01 1.121989826196519502e+01 1.875923779896831078e+01 9.118849341664388319e+00 4.232566781073779261e+00 8.966687909704347703e+00 9.899746935208915133e+00 1.525685336902123979e+01
7.259782036398669369e+00 3.069648625035694689e+00 7.970666835409547346e+00 8.267368725377350458e+00 1.456190960451556116e+01 2.274872041437184578e+01 1.798752028731407293e+01 1.362933616044774254e+01 1.597759576169117324e+01 1.430198643986453355e+01
1.309122834727481788e+01 8.053672738314890722e+00 1.986224669107238938e+01 2.385345902429320830e+01 3.051564157673523425e+01 1.479031081673027259e+01 8.899423410826962311e+00 6.160651603400918219e+00 2.416833742951540742e+01 3.859220465596140315e+01
3.996022493374637552e+00 1.558127740892842894e+01 1.801572289856199660e+01 5.689935242223702616e+00 3.857919327424972344e+00 4.226189733470291365e+00 3.243312648661220265e+00 9.938270248719144107e+00 9.866163644130828914e+00 7.903920914843071799e+00
8.041872164240780663e+00 5.604255841819706596e+00 1.454497362422408990e+01 2.023570101921184872e+01 5.855468899287355811e+00 5.118841023580041671e+00 6.799720339800194857e+00 6.042095103808275525e+00 1.016446587394582579e+01 8.481003773592608042e+00
4.986455936970522806e+00 1.095601638638005682e+01 1.919253659905003673e+01 1.862244912105717276e+01 1.375615738342984784e+01 1.575496078514956899e+01 8.968735947068195102e+00 1.165005113632839873e+01 2.502898078517957359e+01 2.419662259005231419e+01
1.938652473663609399e+01 1.393136149067230889e+01 1.896313650394907313e+01 1.609270984335556776e+01 1.024793068490058445e+01 7.667295705584712628e+00 9.733868742345618941e+00 1.270755638207205607e+01 1.417867197701989035e+01 1.228134851248632842e+01
4.451572173544111166e+00 2.209186916731884764e+01 1.865693793418865098e+01 1.992555081640498216e+01 1.045958926144380463e+01 9.047328875248721758e+00 1.088150653739269202e+01 9.232412433674406671e+00 1.428463798401049978e+01 1.726555623410276041e+01
5.246126415616322092e+00 8.375980903912314091e+00 6.030792297320502371e+00 1.485303722729801024e+01 1.847270018003707293e+01 1.541210729730284434e+01 2.386362626185498570e+01 2.185854168432448219e+01 4.247066628820200584e+00 9.535386358879419433e+00
1.251693356291757908e+01 6.401043283778867554e+00 7.110920113910386142e+00 1.727020941499556983e+01 1.450435156903694178e+01 1.111678892112751882e+01 1.374390702926680063e+01 1.022597600100007043e+01 2.107183642652395150e+01 2.372668638178859268e+01
4.373074240104946497e+00 2.581897718155651589e+01 4.258444062494889160e+00 7.017718964036018470e+00 1.286076803064375618e+01 6.705177494340716748e+00 5.227733445794736866e+00 2.297787898236032689e+01 1.172667396503955750e+01 1.920073340360238134e+01
1.393215088867472140e+00 9.881977463064352207e+00 6.389395341023275776e+00 1.234850411284608462e+01 8.039727470915687846e+00 7.039951897863292452e+00 9.554446888041326247e+00 1.472324051041520221e+01 1.503940627936355412e+01 2.374353812341946934e+01
1.060447731318975251e+01 1.594234228364105377e+01 1.029393676464033369e+01 8.650631795274104974e+00 1.558209615387279179e+01 1.373809848662351740e+01 1.574154194443396193e+01 8.769576129676233123e+00 5.508586940839837354e+00 1.458440876577619072e+01
6.550579058038318081e+00 2.075208736787611130e+01 1.860681260270469295e+01 1.851455669840166962e+01 6.244466078974732604e+00 5.537191870401418470e+00 1.379507697731727944e+01 1.348707406401323006e+01 1.047878679370177579e+01 1.996957786538919422e+01
2.673517906301568825e+00 1.210766524538974842e+01 3.658939151647346399e+00 8.049732256013880871e+00 8.491126498776276676e+00 1.394446225793361904e+01 7.710693357273417980e+00 1.202941708664837961e+01 2.384790623255372921e+01 3.062743307386220337e+01
1.052697008631109199e+01 8.324809537929251491e+00 7.240865972216735003e+00 2.096424243519098241e+01 9.947762551951370824e+00 6.508446918284212401e+00 2.739880897501155488e+00 9.112829914667003095e+00 9.430196845978569442e+00 1.849914016007939921e+01
8.149209907509987971e+00 7.577954115839017568e+00 6.184979517105963609e+00 1.316859606416567630e+01 1.075269129538660806e+01 5.122149743597424809e+00 2.856710026491355858e+00 2.801557195123292932e+00 7.867544641272693262e+00 7.472089488729595885e+00
5.444788425509781149e+00 6.396892850856643165e+00 6.306491383276107143e+00 2.906121603523746710e+00 7.035693679882497165e+00 6.147356006574868914e+00 1.266133043206518849e+01 1.194139982624286134e+01 1.875406069738920323e+01 2.262131708599940083e+01
6.939903683883791530e+00 9.650932058186047158e+00 6.533364674363451030e+00 6.950584542375721320e+00 7.698280106929257904e+00 9.146193004010845229e+00 8.549697770513159156e+00 1.494652154917951137e+01 1.806983243588553378e+01 4.145008261924952109e+01
1.292121180609549924e+01 9.955743959201997839e+00 1.237111358953144524e+01 2.161836294566732519e+01 1.502381668755407951e+01 7.957732586377882278e+00 1.243679529824158969e+01 8.619871495790704330e+00 4.016424582843229452e+00 5.592811302747046298e+00
4.804905807462157341e+00 5.724970220321283421e+01 2.214611762948490892e+01 2.055084135432926473e+01 1.392715543899931063e+01 1.045531327395008958e+01 2.871021759601968171e+01 2.418484527151534280e+01 2.316820182644585202e+01 1.478740578409196083e+01
9.106482713799502804e+00 8.849848107768023553e+00 1.051126117971418772e+01 1.253669695617088387e+01 1.627433843058395979e+01 7.835901688769506102e+00 6.713785314312087138e+00 9.270304412838635599e+00 3.693132411606126198e+01 2.040647063940411954e+01
5.639805546810997328e+01 7.249667883090042508e+00 1.655474208630790045e+01 1.035101394925084328e+01 7.716987437689619256e+00 1.028869439883531278e+01 3.703489315817131811e+00 2.557065884464783778e+00 5.639916348003024105e+00 1.090692890795693160e+01
8.322019178895457614e+00 7.931199902897247966e+00 9.952633790555417193e+00 1.661181268153593749e+01 1.677336072104170839e+01 1.352237056215227895e+01 2.248018746117793754e+01 1.943076826532026402e+01 1.646935715990774085e+01 1.164274485200707510e+01
9.344064496521097496e+00 1.280192003225642416e+01 9.063966264593268818e+00 5.774088919549021703e+00 7.119147615689112918e+00 1.002828474014161131e+01 3.705413677164801101e+01 2.958757455813329784e+01 1.429057130454832958e+01 8.754539887545330856e+00
7.188932936035232757e+00 9.180429911600354487e+00 7.983707885538800397e+00 7.377013494744286248e+00 2.204472944415731206e+01 2.821748464090674702e+01 1.454753448278165351e+01 1.455250528777777319e+01 2.413832717073815815e+01 3.114327261191771967e+01
1.059605403087610220e+01 5.714553556674937695e+00 2.462306287415825423e+01 2.476511137509860561e+01 1.601316489192522141e+01 1.008784093866697873e+01 9.561203527245451639e+00 7.687474945165120310e+00 2.657177266300765783e+00 7.193854999284258867e+00
1.406243959645808950e+00 1.012250786301852834e+01 9.468719875452448420e+00 9.677157378553948419e+00 8.045287135368589304e+00 4.039760416072364357e+00 5.454262214504933759e+00 6.847593053979721844e+00 3.714808162586177520e+00 5.975321615669502151e+00
5.583370491630009091e+00 2.373144501371587367e+01 1.493165495167103884e+01 7.423250176186875215e+00 1.379305792099707517e+01 1.769844730049163672e+01 8.222465340256123412e+00 1.482989631448083401e+01 1.059316979439960527e+01 2.573496959974641385e+01
3.696997359338800582e+00 1.107950023872034251e+01 7.028312326031201707e+00 1.532388720754891054e+01 9.881264066963861836e+00 6.964571002431065416e+00 1.387935932634966107e+01 1.161730364163888929e+01 8.634022365420346290e+00 1.551432478011397720e+01
5.504370716172518385e+00 1.417416213055655660e+01 3.115263104534796668e+01 2.194775613922308821e+01 1.092791890694122969e+01 8.392293453720991891e+00 1.070274551045193334e+01 1.113446007285796391e+01 1.071670495498976194e+01 1.070074345684732897e+01
1.149134599161564196e+01 6.131278904248888217e+00 1.433916343829542051e+01 1.231277863767832770e+01 1.432117484258868423e+01 8.256406328093776281e+00 9.801132585580740297e+00 4.326600437089290097e+00 7.734558276855561409e+00 1.368017631736586459e+01
6.701388709511402197e+00 4.104537639048021269e+00 1.022843055339084550e+01 6.338137353602501634e+00 1.696656031030299516e+01 8.001729056385208594e+00 3.377495327695737792e+00 1.613194780465996203e+01 9.594628195727729292e+00 1.294419045695771509e+01
1.745454629779993994e+01 8.940258543002677527e+00 9.055355312761594888e+00 8.981519169466956498e+00 1.340336172438872175e+01 2.002710836842747710e+01 5.171441154942820084e+00 3.042144557227534296e+00 2.997976114152742788e+00 1.417727209232346297e+01
6.797080338734403426e+00 4.956413094872860192e+00 1.482732288230812578e+01 1.696666883068293785e+01 1.613984022812945085e+01 3.145900525132717718e+01 1.891379821020796825e+01 8.748679787256596896e+00 1.201254742291622790e+01 9.976069843702928708e+00
4.829242092269888431e+00 4.607785515534716048e+00 1.506791678334635165e+01 6.087387045809676600e+00 4.811947703325890835e+00 1.003967825223556076e+01 1.868839284821453006e+01 9.471661925377329538e+00 2.489833576364432588e+01 2.933379636915245214e+01
1.316685934322836538e+01 8.432892271404808682e+00 1.939024421989764235e+01 1.933634143402948879e+01 1.314410069864927166e+01 2.375919245325978935e+01 2.160053747945051583e+01 2.299761207728345624e+01 2.935823404480053966e+01 3.474883832538063899e+01
8.014023020947545817e+00 8.925721987690476311e+00 1.119836122088814179e+01 7.965067022358130799e+00 4.288312716612371567e+00 1.117048659338749417e+01 9.157126050762879999e+00 5.519123222063096357e+00 6.719646837377322157e+00 7.939849625844621173e+00
