# M_low [Msun/h] M_high[Msun/h] Number M_total[Msun/h]
1.284196000000000026e+01 1.303947999999999929e+01 1.677960000000000000e+05 1.444274000000000000e+18
1.303947999999999929e+01 1.323700000000000010e+01 9.272600000000000000e+04 1.257193000000000000e+18
1.323700000000000010e+01 1.343451999999999913e+01 4.967200000000000000e+04 1.057705000000000000e+18
1.343451999999999913e+01 1.363203999999999994e+01 2.462000000000000000e+04 8.257006000000000000e+17
1.363203999999999994e+01 1.382956000000000074e+01 1.141700000000000000e+04 6.006483000000000000e+17
1.382956000000000074e+01 1.402707999999999977e+01 4.561000000000000000e+03 3.753855000000000000e+17
1.402707999999999977e+01 1.422460000000000058e+01 1.487000000000000000e+03 1.920900000000000000e+17
1.422460000000000058e+01 1.442211999999999961e+01 4.580000000000000000e+02 9.236086000000000000e+16
1.442211999999999961e+01 1.461964000000000041e+01 9.000000000000000000e+01 2.808885000000000000e+16
1.461964000000000041e+01 1.481715999999999944e+01 1.400000000000000000e+01 6.913850000000000000e+15
