# M_low [Msun/h] M_high[Msun/h] Number M_total[Msun/h]
1.284196000000000026e+01 1.294450999999999929e+01 1.949000000000000000e+03 1.506818000000000000e+16
1.294450999999999929e+01 1.304706000000000010e+01 1.049000000000000000e+03 1.026792000000000000e+16
1.304706000000000010e+01 1.314960999999999913e+01 4.920000000000000000e+02 6.101458000000000000e+15
1.314960999999999913e+01 1.325216999999999956e+01 1.980000000000000000e+02 3.118061000000000000e+15
1.325216999999999956e+01 1.335472000000000037e+01 8.200000000000000000e+01 1.616416000000000000e+15
1.335472000000000037e+01 1.345726999999999940e+01 2.600000000000000000e+01 6.564960000000000000e+14
1.345726999999999940e+01 1.355982000000000021e+01 1.000000000000000000e+01 3.248610000000000000e+14
1.355982000000000021e+01 1.366236999999999924e+01 5.000000000000000000e+00 2.005320000000000000e+14
1.366236999999999924e+01 1.376492000000000004e+01 2.000000000000000000e+00 1.046620000000000000e+14
