# M_low [Msun/h] M_high[Msun/h] Number M_total[Msun/h]
1.284196000000000026e+01 1.298783000000000065e+01 2.618500000000000000e+04 2.119465000000000000e+17
1.298783000000000065e+01 1.313369999999999926e+01 1.354500000000000000e+04 1.533054000000000000e+17
1.313369999999999926e+01 1.327957999999999927e+01 6.425000000000000000e+03 1.015929000000000000e+17
1.327957999999999927e+01 1.342544999999999966e+01 2.772000000000000000e+03 6.128347000000000000e+16
1.342544999999999966e+01 1.357132000000000005e+01 1.134000000000000000e+03 3.493735000000000000e+16
1.357132000000000005e+01 1.371719000000000044e+01 4.210000000000000000e+02 1.822059000000000000e+16
1.371719000000000044e+01 1.386307000000000045e+01 1.180000000000000000e+02 7.071159000000000000e+15
1.386307000000000045e+01 1.400894000000000084e+01 3.000000000000000000e+01 2.498986000000000000e+15
1.400894000000000084e+01 1.415480999999999945e+01 8.000000000000000000e+00 9.399400000000000000e+14
1.415480999999999945e+01 1.430067999999999984e+01 1.000000000000000000e+00 1.463600000000000000e+14
