# M_low [Msun/h] M_high[Msun/h] Number M_total[Msun/h]
1.284196000000000026e+01 1.305854000000000070e+01 2.050300000000000000e+05 1.801518000000000000e+18
1.305854000000000070e+01 1.327513000000000076e+01 1.106820000000000000e+05 1.599775000000000000e+18
1.327513000000000076e+01 1.349170999999999943e+01 5.746600000000000000e+04 1.363520000000000000e+18
1.349170999999999943e+01 1.370828999999999986e+01 2.766400000000000000e+04 1.080002000000000000e+18
1.370828999999999986e+01 1.392487999999999992e+01 1.204600000000000000e+04 7.699168000000000000e+17
1.392487999999999992e+01 1.414146000000000036e+01 4.529000000000000000e+03 4.728678000000000000e+17
1.414146000000000036e+01 1.435804000000000080e+01 1.359000000000000000e+03 2.322926000000000000e+17
1.435804000000000080e+01 1.457461999999999946e+01 3.530000000000000000e+02 9.855510000000000000e+16
1.457461999999999946e+01 1.479120999999999952e+01 5.300000000000000000e+01 2.377774000000000000e+16
1.479120999999999952e+01 1.500778999999999996e+01 7.000000000000000000e+00 4.914900000000000000e+15
