# M_low [Msun/h] M_high[Msun/h] Number M_total[Msun/h]
1.284196000000000026e+01 1.306797000000000075e+01 2.381880000000000000e+05 2.115745000000000000e+18
1.306797000000000075e+01 1.329399000000000086e+01 1.295060000000000000e+05 1.933014000000000000e+18
1.329399000000000086e+01 1.351999999999999957e+01 6.721700000000000000e+04 1.686366000000000000e+18
1.351999999999999957e+01 1.374601000000000006e+01 3.271900000000000000e+04 1.376593000000000000e+18
1.374601000000000006e+01 1.397203000000000017e+01 1.454600000000000000e+04 1.023191000000000000e+18
1.397203000000000017e+01 1.419804000000000066e+01 5.505000000000000000e+03 6.470657000000000000e+17
1.419804000000000066e+01 1.442404999999999937e+01 1.721000000000000000e+03 3.370089000000000000e+17
1.442404999999999937e+01 1.465005999999999986e+01 4.620000000000000000e+02 1.506987000000000000e+17
1.465005999999999986e+01 1.487607999999999997e+01 6.700000000000000000e+01 3.642882000000000000e+16
1.487607999999999997e+01 1.510209000000000046e+01 7.000000000000000000e+00 5.705010000000000000e+15
