# M_low [Msun/h] M_high[Msun/h] Number M_total[Msun/h]
1.284196000000000026e+01 1.302973000000000070e+01 1.394800000000000000e+05 1.187403000000000000e+18
1.302973000000000070e+01 1.321749999999999936e+01 7.676200000000000000e+04 1.006338000000000000e+18
1.321749999999999936e+01 1.340526999999999980e+01 4.064400000000000000e+04 8.184770000000000000e+17
1.340526999999999980e+01 1.359304000000000023e+01 2.030400000000000000e+04 6.283910000000000000e+17
1.359304000000000023e+01 1.378081000000000067e+01 9.374000000000000000e+03 4.459690000000000000e+17
1.378081000000000067e+01 1.396857999999999933e+01 3.647000000000000000e+03 2.657082000000000000e+17
1.396857999999999933e+01 1.415634999999999977e+01 1.238000000000000000e+03 1.392439000000000000e+17
1.415634999999999977e+01 1.434412000000000020e+01 3.760000000000000000e+02 6.432907000000000000e+16
1.434412000000000020e+01 1.453187999999999924e+01 6.800000000000000000e+01 1.774922000000000000e+16
1.453187999999999924e+01 1.471964999999999968e+01 1.500000000000000000e+01 5.863350000000000000e+15
