# M_low [Msun/h] M_high[Msun/h] Number M_total[Msun/h]
1.284196000000000026e+01 1.307732000000000028e+01 2.934300000000000000e+05 2.635150000000000000e+18
1.307732000000000028e+01 1.331267000000000067e+01 1.665820000000000000e+05 2.569615000000000000e+18
1.331267000000000067e+01 1.354803000000000068e+01 9.031200000000000000e+04 2.391933000000000000e+18
1.354803000000000068e+01 1.378337999999999930e+01 4.634500000000000000e+04 2.106474000000000000e+18
1.378337999999999930e+01 1.401873999999999931e+01 2.207500000000000000e+04 1.716002000000000000e+18
1.401873999999999931e+01 1.425408999999999970e+01 9.490000000000000000e+03 1.258990000000000000e+18
1.425408999999999970e+01 1.448944999999999972e+01 3.328000000000000000e+03 7.528836000000000000e+17
1.448944999999999972e+01 1.472480000000000011e+01 1.008000000000000000e+03 3.907925000000000000e+17
1.472480000000000011e+01 1.496016000000000012e+01 2.120000000000000000e+02 1.359399000000000000e+17
1.496016000000000012e+01 1.519551000000000052e+01 2.400000000000000000e+01 2.672009000000000000e+16
