# M_low [Msun/h] M_high[Msun/h] Number M_total[Msun/h]
1.284196000000000026e+01 1.310148000000000046e+01 3.522430000000000000e+05 3.253501000000000000e+18
1.310148000000000046e+01 1.336101000000000028e+01 1.961390000000000000e+05 3.290290000000000000e+18
1.336101000000000028e+01 1.362054000000000009e+01 1.043290000000000000e+05 3.176115000000000000e+18
1.362054000000000009e+01 1.388006000000000029e+01 5.301100000000000000e+04 2.921224000000000000e+18
1.388006000000000029e+01 1.413959000000000010e+01 2.482200000000000000e+04 2.470342000000000000e+18
1.413959000000000010e+01 1.439911000000000030e+01 1.034200000000000000e+04 1.860587000000000000e+18
1.439911000000000030e+01 1.465864000000000011e+01 3.517000000000000000e+03 1.134280000000000000e+18
1.465864000000000011e+01 1.491816000000000031e+01 9.870000000000000000e+02 5.710280000000000000e+17
1.491816000000000031e+01 1.517769000000000013e+01 1.690000000000000000e+02 1.725049000000000000e+17
1.517769000000000013e+01 1.543721000000000032e+01 1.900000000000000000e+01 3.369080000000000000e+16
