# M_low [Msun/h] M_high[Msun/h] Number M_total[Msun/h]
1.284196000000000026e+01 1.308660000000000068e+01 3.245590000000000000e+05 2.950872000000000000e+18
1.308660000000000068e+01 1.333122999999999969e+01 1.833760000000000000e+05 2.926227000000000000e+18
1.333122999999999969e+01 1.357587000000000010e+01 1.000150000000000000e+05 2.797592000000000000e+18
1.357587000000000010e+01 1.382049999999999912e+01 5.207800000000000000e+04 2.549378000000000000e+18
1.382049999999999912e+01 1.406513999999999953e+01 2.514400000000000000e+04 2.149103000000000000e+18
1.406513999999999953e+01 1.430977000000000032e+01 1.087600000000000000e+04 1.627500000000000000e+18
1.430977000000000032e+01 1.455441000000000074e+01 3.971000000000000000e+03 1.032524000000000000e+18
1.455441000000000074e+01 1.479904999999999937e+01 1.193000000000000000e+03 5.457031000000000000e+17
1.479904999999999937e+01 1.504368000000000016e+01 2.450000000000000000e+02 1.896884000000000000e+17
1.504368000000000016e+01 1.528832000000000058e+01 3.300000000000000000e+01 4.484720000000000000e+16
