2.025741000000000000e+06 1.095933000000000000e+06 6.966040000000000000e+05 4.293515000000000000e+05 2.083816000000000058e+05 1.120650000000000000e+05 4.333152999999999884e+04 1.431502000000000044e+04 1.578165999999999940e+03 3.938152999999999793e+02
1.095933000000000000e+06 8.255731999999999534e+05 4.478050000000000000e+05 2.689327000000000116e+05 1.307196999999999971e+05 7.118669999999999709e+04 2.752143999999999869e+04 9.273056000000000495e+03 1.368535000000000082e+03 3.220534000000000106e+02
6.966040000000000000e+05 4.478050000000000000e+05 3.648657999999999884e+05 1.809467000000000116e+05 8.849902000000000407e+04 4.523462000000000262e+04 1.825768000000000029e+04 5.635487000000000080e+03 9.255656999999999925e+02 1.879251999999999896e+02
4.293515000000000000e+05 2.689327000000000116e+05 1.809467000000000116e+05 1.486426000000000058e+05 5.331654000000000087e+04 2.790245999999999913e+04 1.165440999999999985e+04 4.013396000000000186e+03 4.669923999999999751e+02 1.626193000000000097e+02
2.083816000000000058e+05 1.307196999999999971e+05 8.849902000000000407e+04 5.331654000000000087e+04 4.289551999999999680e+04 1.400586000000000058e+04 5.763275999999999840e+03 1.786317000000000007e+03 2.285293000000000063e+02 8.531740999999999531e+01
1.120650000000000000e+05 7.118669999999999709e+04 4.523462000000000262e+04 2.790245999999999913e+04 1.400586000000000058e+04 1.529693000000000029e+04 3.104398000000000138e+03 9.721911999999999807e+02 1.160345999999999975e+02 6.862351999999999919e+01
4.333152999999999884e+04 2.752143999999999869e+04 1.825768000000000029e+04 1.165440999999999985e+04 5.763275999999999840e+03 3.104398000000000138e+03 3.658525999999999840e+03 4.686610000000000014e+02 6.762742000000000075e+01 9.695869000000000071e+00
1.431502000000000044e+04 9.273056000000000495e+03 5.635487000000000080e+03 4.013396000000000186e+03 1.786317000000000007e+03 9.721911999999999807e+02 4.686610000000000014e+02 8.891349999999999909e+02 1.757498000000000005e+01 2.401549999999999851e+00
1.578165999999999940e+03 1.368535000000000082e+03 9.255656999999999925e+02 4.669923999999999751e+02 2.285293000000000063e+02 1.160345999999999975e+02 6.762742000000000075e+01 1.757498000000000005e+01 1.379935999999999865e+02 -2.194923000000000179e+00
3.938152999999999793e+02 3.220534000000000106e+02 1.879251999999999896e+02 1.626193000000000097e+02 8.531740999999999531e+01 6.862351999999999919e+01 9.695869000000000071e+00 2.401549999999999851e+00 -2.194923000000000179e+00 1.359059000000000061e+01
