# M_low [Msun/h] M_high[Msun/h] Number M_total[Msun/h]
1.284196000000000026e+01 1.307329000000000008e+01 2.666940000000000000e+05 2.383173000000000000e+18
1.307329000000000008e+01 1.330462999999999951e+01 1.487110000000000000e+05 2.260670000000000000e+18
1.330462999999999951e+01 1.353595999999999933e+01 7.843500000000000000e+04 2.027285000000000000e+18
1.353595999999999933e+01 1.376730000000000054e+01 3.928000000000000000e+04 1.726332000000000000e+18
1.376730000000000054e+01 1.399863000000000035e+01 1.801200000000000000e+04 1.341116000000000000e+18
1.399863000000000035e+01 1.422996999999999979e+01 7.250000000000000000e+03 9.119685000000000000e+17
1.422996999999999979e+01 1.446129999999999960e+01 2.351000000000000000e+03 5.027615000000000000e+17
1.446129999999999960e+01 1.469264000000000081e+01 6.800000000000000000e+02 2.428413000000000000e+17
1.469264000000000081e+01 1.492397000000000062e+01 1.170000000000000000e+02 6.929497000000000000e+16
1.492397000000000062e+01 1.515531000000000006e+01 1.400000000000000000e+01 1.307461000000000000e+16
