# M_low [Msun/h] M_high[Msun/h] Number M_total[Msun/h]
1.287728000000000073e+01 1.315081999999999951e+01 3.765850000000000000e+05 3.830736000000000000e+18
1.315081999999999951e+01 1.342436000000000007e+01 2.074840000000000000e+05 3.961909000000000000e+18
1.342436000000000007e+01 1.369788999999999923e+01 1.109790000000000000e+05 3.968896000000000000e+18
1.369788999999999923e+01 1.397142999999999979e+01 5.587900000000000000e+04 3.740534000000000000e+18
1.397142999999999979e+01 1.424497000000000035e+01 2.584500000000000000e+04 3.228557000000000000e+18
1.424497000000000035e+01 1.451849999999999952e+01 1.058600000000000000e+04 2.460447000000000000e+18
1.451849999999999952e+01 1.479204000000000008e+01 3.422000000000000000e+03 1.480436000000000000e+18
1.479204000000000008e+01 1.506556999999999924e+01 8.730000000000000000e+02 6.913620000000000000e+17
1.506556999999999924e+01 1.533910999999999980e+01 1.250000000000000000e+02 1.841982000000000000e+17
1.533910999999999980e+01 1.561265000000000036e+01 8.000000000000000000e+00 2.183260000000000000e+16
