1.619808000000000000e+06 8.648241999999999534e+05 5.506000999999999767e+05 3.168319000000000233e+05 1.616132000000000116e+05 6.978149000000000524e+04 2.689570999999999913e+04 7.181792999999999665e+03 1.106465999999999894e+03 1.776639999999999873e+02
8.648241999999999534e+05 7.108054000000000233e+05 3.467342000000000116e+05 2.010655000000000000e+05 1.049951999999999971e+05 4.274216000000000349e+04 1.705954999999999927e+04 4.303243000000000393e+03 3.406732000000000085e+02 9.898597999999999786e+01
5.506000999999999767e+05 3.467342000000000116e+05 2.951632999999999884e+05 1.275631999999999971e+05 6.659324000000000524e+04 2.979361000000000058e+04 1.062184000000000015e+04 2.617237999999999829e+03 3.648874999999999886e+02 7.705234000000000094e+01
3.168319000000000233e+05 2.010655000000000000e+05 1.275631999999999971e+05 1.104436999999999971e+05 3.769226000000000204e+04 1.862829000000000087e+04 6.626376000000000204e+03 1.796457000000000107e+03 2.902504000000000133e+02 6.625705999999999563e+01
1.616132000000000116e+05 1.049951999999999971e+05 6.659324000000000524e+04 3.769226000000000204e+04 3.479987000000000262e+04 9.266578999999999724e+03 2.973088000000000193e+03 7.420439999999999827e+02 1.507147999999999968e+02 2.222604000000000113e+01
6.978149000000000524e+04 4.274216000000000349e+04 2.979361000000000058e+04 1.862829000000000087e+04 9.266578999999999724e+03 9.745504999999999200e+03 1.586614000000000033e+03 3.544196999999999775e+02 1.194341999999999970e+01 3.760999000000000336e+01
2.689570999999999913e+04 1.705954999999999927e+04 1.062184000000000015e+04 6.626376000000000204e+03 2.973088000000000193e+03 1.586614000000000033e+03 2.438728000000000065e+03 1.565062000000000069e+02 3.190631000000000128e+01 8.920044000000000750e+00
7.181792999999999665e+03 4.303243000000000393e+03 2.617237999999999829e+03 1.796457000000000107e+03 7.420439999999999827e+02 3.544196999999999775e+02 1.565062000000000069e+02 5.011365000000000123e+02 -7.914200000000000124e-01 1.910323999999999911e+00
1.106465999999999894e+03 3.406732000000000085e+02 3.648874999999999886e+02 2.902504000000000133e+02 1.507147999999999968e+02 1.194341999999999970e+01 3.190631000000000128e+01 -7.914200000000000124e-01 6.809915999999999769e+01 2.144241000000000064e-01
1.776639999999999873e+02 9.898597999999999786e+01 7.705234000000000094e+01 6.625705999999999563e+01 2.222604000000000113e+01 3.760999000000000336e+01 8.920044000000000750e+00 1.910323999999999911e+00 2.144241000000000064e-01 5.918105999999999867e+00
