# M_low [Msun/h] M_high[Msun/h] Number M_total[Msun/h]
1.287728000000000073e+01 1.298587000000000025e+01 7.441000000000000000e+03 6.280721000000000000e+16
1.298587000000000025e+01 1.309445000000000014e+01 3.949000000000000000e+03 4.282752000000000000e+16
1.309445000000000014e+01 1.320303000000000004e+01 1.988000000000000000e+03 2.760230000000000000e+16
1.320303000000000004e+01 1.331160999999999994e+01 1.029000000000000000e+03 1.840772000000000000e+16
1.331160999999999994e+01 1.342019999999999946e+01 4.410000000000000000e+02 1.007094000000000000e+16
1.342019999999999946e+01 1.352877999999999936e+01 1.920000000000000000e+02 5.658636000000000000e+15
1.352877999999999936e+01 1.363735999999999926e+01 5.800000000000000000e+01 2.205945000000000000e+15
1.363735999999999926e+01 1.374593999999999916e+01 2.900000000000000000e+01 1.404983000000000000e+15
1.374593999999999916e+01 1.385453000000000046e+01 1.000000000000000000e+01 6.130650000000000000e+14
1.385453000000000046e+01 1.396311000000000035e+01 1.000000000000000000e+00 7.267100000000000000e+13
