# M_low [Msun/h] M_high[Msun/h] Number M_total[Msun/h]
1.287728000000000073e+01 1.310021000000000058e+01 2.105340000000000000e+05 2.019806000000000000e+18
1.310021000000000058e+01 1.332314000000000043e+01 1.115230000000000000e+05 1.784670000000000000e+18
1.332314000000000043e+01 1.354607000000000028e+01 5.623600000000000000e+04 1.501463000000000000e+18
1.354607000000000028e+01 1.376900000000000013e+01 2.566200000000000000e+04 1.136436000000000000e+18
1.376900000000000013e+01 1.399192000000000036e+01 1.053700000000000000e+04 7.776393000000000000e+17
1.399192000000000036e+01 1.421485000000000021e+01 3.598000000000000000e+03 4.382104000000000000e+17
1.421485000000000021e+01 1.443778000000000006e+01 9.680000000000000000e+02 1.953554000000000000e+17
1.443778000000000006e+01 1.466070999999999991e+01 2.160000000000000000e+02 7.155156000000000000e+16
1.466070999999999991e+01 1.488363999999999976e+01 3.300000000000000000e+01 1.818383000000000000e+16
1.488363999999999976e+01 1.510655999999999999e+01 2.000000000000000000e+00 1.702450000000000000e+15
