# M_low [Msun/h] M_high[Msun/h] Number M_total[Msun/h]
1.287728000000000073e+01 1.313470000000000049e+01 3.274260000000000000e+05 3.267677000000000000e+18
1.313470000000000049e+01 1.339211000000000062e+01 1.797810000000000000e+05 3.242511000000000000e+18
1.339211000000000062e+01 1.364952000000000076e+01 9.425000000000000000e+04 3.066565000000000000e+18
1.364952000000000076e+01 1.390692999999999913e+01 4.591900000000000000e+04 2.690625000000000000e+18
1.390692999999999913e+01 1.416433999999999926e+01 2.023900000000000000e+04 2.132827000000000000e+18
1.416433999999999926e+01 1.442176000000000080e+01 7.613000000000000000e+03 1.437673000000000000e+18
1.442176000000000080e+01 1.467916999999999916e+01 2.332000000000000000e+03 7.887783000000000000e+17
1.467916999999999916e+01 1.493657999999999930e+01 5.500000000000000000e+02 3.337104000000000000e+17
1.493657999999999930e+01 1.519398999999999944e+01 6.100000000000000000e+01 6.754925000000000000e+16
1.519398999999999944e+01 1.545139999999999958e+01 5.000000000000000000e+00 9.951100000000000000e+15
