# M_low [Msun/h] M_high[Msun/h] Number M_total[Msun/h]
1.287728000000000073e+01 1.303576999999999941e+01 5.598300000000000000e+04 4.996691000000000000e+17
1.303576999999999941e+01 1.319425999999999988e+01 2.943100000000000000e+04 3.783595000000000000e+17
1.319425999999999988e+01 1.335275000000000034e+01 1.484500000000000000e+04 2.740564000000000000e+17
1.335275000000000034e+01 1.351124000000000080e+01 6.600000000000000000e+03 1.752008000000000000e+17
1.351124000000000080e+01 1.366972999999999949e+01 2.812000000000000000e+03 1.066516000000000000e+17
1.366972999999999949e+01 1.382821999999999996e+01 1.037000000000000000e+03 5.650847000000000000e+16
1.382821999999999996e+01 1.398671000000000042e+01 3.190000000000000000e+02 2.476168000000000000e+16
1.398671000000000042e+01 1.414520000000000088e+01 8.000000000000000000e+01 9.037388000000000000e+15
1.414520000000000088e+01 1.430367999999999995e+01 1.800000000000000000e+01 2.899210000000000000e+15
1.430367999999999995e+01 1.446217000000000041e+01 1.000000000000000000e+00 2.436100000000000000e+14
