# M_low [Msun/h] M_high[Msun/h] Number M_total[Msun/h]
1.287728000000000073e+01 1.311306000000000083e+01 2.675190000000000000e+05 2.608324000000000000e+18
1.311306000000000083e+01 1.334883999999999915e+01 1.452220000000000000e+05 2.433089000000000000e+18
1.334883999999999915e+01 1.358461999999999925e+01 7.610000000000000000e+04 2.187572000000000000e+18
1.358461999999999925e+01 1.382039999999999935e+01 3.657500000000000000e+04 1.800396000000000000e+18
1.382039999999999935e+01 1.405617999999999945e+01 1.584900000000000000e+04 1.336844000000000000e+18
1.405617999999999945e+01 1.429195999999999955e+01 5.915000000000000000e+03 8.519633000000000000e+17
1.429195999999999955e+01 1.452773999999999965e+01 1.712000000000000000e+03 4.176956000000000000e+17
1.452773999999999965e+01 1.476351999999999975e+01 4.340000000000000000e+02 1.797163000000000000e+17
1.476351999999999975e+01 1.499929000000000023e+01 6.700000000000000000e+01 4.801377000000000000e+16
1.499929000000000023e+01 1.523507000000000033e+01 6.000000000000000000e+00 6.595800000000000000e+15
