# M_low [Msun/h] M_high[Msun/h] Number M_total[Msun/h]
1.287728000000000073e+01 1.315826999999999991e+01 3.917730000000000000e+05 4.017677000000000000e+18
1.315826999999999991e+01 1.343926000000000087e+01 2.165000000000000000e+05 4.241275000000000000e+18
1.343926000000000087e+01 1.372025000000000006e+01 1.150900000000000000e+05 4.299400000000000000e+18
1.372025000000000006e+01 1.400123999999999924e+01 5.805400000000000000e+04 4.124161000000000000e+18
1.400123999999999924e+01 1.428223000000000020e+01 2.707300000000000000e+04 3.647269000000000000e+18
1.428223000000000020e+01 1.456321999999999939e+01 1.119600000000000000e+04 2.853576000000000000e+18
1.456321999999999939e+01 1.484421000000000035e+01 3.663000000000000000e+03 1.774318000000000000e+18
1.484421000000000035e+01 1.512519999999999953e+01 9.200000000000000000e+02 8.267423000000000000e+17
1.512519999999999953e+01 1.540619000000000050e+01 1.360000000000000000e+02 2.285434000000000000e+17
1.540619000000000050e+01 1.568717999999999968e+01 7.000000000000000000e+00 2.279280000000000000e+16
