# M_low [Msun/h] M_high[Msun/h] Number M_total[Msun/h]
1.287728000000000073e+01 1.310654000000000075e+01 2.391480000000000000e+05 2.312634000000000000e+18
1.310654000000000075e+01 1.333578999999999937e+01 1.279640000000000000e+05 2.094719000000000000e+18
1.333578999999999937e+01 1.356504999999999939e+01 6.608300000000000000e+04 1.828164000000000000e+18
1.356504999999999939e+01 1.379429999999999978e+01 3.103700000000000000e+04 1.448429000000000000e+18
1.379429999999999978e+01 1.402355000000000018e+01 1.296200000000000000e+04 1.022436000000000000e+18
1.402355000000000018e+01 1.425281000000000020e+01 4.683000000000000000e+03 6.209196000000000000e+17
1.425281000000000020e+01 1.448206000000000060e+01 1.266000000000000000e+03 2.811373000000000000e+17
1.448206000000000060e+01 1.471130999999999922e+01 3.140000000000000000e+02 1.158407000000000000e+17
1.471130999999999922e+01 1.494056999999999924e+01 4.900000000000000000e+01 3.159431000000000000e+16
1.494056999999999924e+01 1.516981999999999964e+01 3.000000000000000000e+00 2.992540000000000000e+15
