# M_low [Msun/h] M_high[Msun/h] Number M_total[Msun/h]
1.287728000000000073e+01 1.314178000000000068e+01 3.516070000000000000e+05 3.539043000000000000e+18
1.314178000000000068e+01 1.340628000000000064e+01 1.945960000000000000e+05 3.600882000000000000e+18
1.340628000000000064e+01 1.367076999999999920e+01 1.030250000000000000e+05 3.496965000000000000e+18
1.367076999999999920e+01 1.393526999999999916e+01 5.132100000000000000e+04 3.191062000000000000e+18
1.393526999999999916e+01 1.419976999999999911e+01 2.341700000000000000e+04 2.661409000000000000e+18
1.419976999999999911e+01 1.446425999999999945e+01 9.304000000000000000e+03 1.923736000000000000e+18
1.446425999999999945e+01 1.472875999999999941e+01 2.886000000000000000e+03 1.084930000000000000e+18
1.472875999999999941e+01 1.499325999999999937e+01 7.310000000000000000e+02 4.962231000000000000e+17
1.499325999999999937e+01 1.525774999999999970e+01 1.030000000000000000e+02 1.250793000000000000e+17
1.525774999999999970e+01 1.552224999999999966e+01 1.000000000000000000e+01 2.147680000000000000e+16
