# M_low [Msun/h] M_high[Msun/h] Number M_total[Msun/h]
1.287728000000000073e+01 1.312570000000000014e+01 2.999880000000000000e+05 2.963638000000000000e+18
1.312570000000000014e+01 1.337410999999999994e+01 1.631270000000000000e+05 2.852090000000000000e+18
1.337410999999999994e+01 1.362251999999999974e+01 8.508700000000000000e+04 2.629538000000000000e+18
1.362251999999999974e+01 1.387092999999999954e+01 4.070000000000000000e+04 2.218348000000000000e+18
1.387092999999999954e+01 1.411935000000000073e+01 1.757400000000000000e+04 1.688277000000000000e+18
1.411935000000000073e+01 1.436776000000000053e+01 6.507000000000000000e+03 1.095443000000000000e+18
1.436776000000000053e+01 1.461617000000000033e+01 1.909000000000000000e+03 5.646060000000000000e+17
1.461617000000000033e+01 1.486458000000000013e+01 4.400000000000000000e+02 2.260202000000000000e+17
1.486458000000000013e+01 1.511298999999999992e+01 5.700000000000000000e+01 5.228049000000000000e+16
1.511298999999999992e+01 1.536140999999999934e+01 4.000000000000000000e+00 5.923500000000000000e+15
