# M_low [Msun/h] M_high[Msun/h] Number M_total[Msun/h]
1.289939999999999998e+01 1.300126000000000026e+01 1.074610000000000000e+05 9.539877000000000000e+17
1.300126000000000026e+01 1.310312000000000054e+01 8.039600000000000000e+04 9.023877000000000000e+17
1.310312000000000054e+01 1.320498000000000083e+01 6.043100000000000000e+04 8.586314000000000000e+17
1.320498000000000083e+01 1.330683999999999934e+01 4.426700000000000000e+04 7.951719000000000000e+17
1.330683999999999934e+01 1.340869999999999962e+01 3.177500000000000000e+04 7.216893000000000000e+17
1.340869999999999962e+01 1.351055999999999990e+01 2.291400000000000000e+04 6.579871000000000000e+17
1.351055999999999990e+01 1.361242000000000019e+01 1.610400000000000000e+04 5.831658000000000000e+17
1.361242000000000019e+01 1.371428000000000047e+01 1.097300000000000000e+04 5.026195000000000000e+17
1.371428000000000047e+01 1.381614000000000075e+01 7.217000000000000000e+03 4.175991000000000000e+17
1.381614000000000075e+01 1.391799999999999926e+01 4.695000000000000000e+03 3.433862000000000000e+17
1.391799999999999926e+01 1.401985999999999954e+01 2.944000000000000000e+03 2.723941000000000000e+17
1.401985999999999954e+01 1.412171999999999983e+01 1.785000000000000000e+03 2.081231000000000000e+17
1.412171999999999983e+01 1.422358000000000011e+01 1.019000000000000000e+03 1.507102000000000000e+17
1.422358000000000011e+01 1.432544000000000040e+01 5.660000000000000000e+02 1.053614000000000000e+17
1.432544000000000040e+01 1.442730000000000068e+01 3.050000000000000000e+02 7.166788000000000000e+16
1.442730000000000068e+01 1.452915999999999919e+01 1.420000000000000000e+02 4.211717000000000000e+16
1.452915999999999919e+01 1.463101999999999947e+01 5.200000000000000000e+01 1.930969000000000000e+16
1.463101999999999947e+01 1.473287999999999975e+01 2.200000000000000000e+01 1.054492000000000000e+16
1.473287999999999975e+01 1.483474000000000004e+01 4.000000000000000000e+00 2.477520000000000000e+15
1.483474000000000004e+01 1.493660000000000032e+01 2.000000000000000000e+00 1.519780000000000000e+15
