# M_low [Msun/h] M_high[Msun/h] Number M_total[Msun/h]
1.289939999999999998e+01 1.296593000000000018e+01 1.761100000000000000e+04 1.503295000000000000e+17
1.296593000000000018e+01 1.303246000000000038e+01 1.273500000000000000e+04 1.268634000000000000e+17
1.303246000000000038e+01 1.309899000000000058e+01 9.522000000000000000e+03 1.103808000000000000e+17
1.309899000000000058e+01 1.316552000000000078e+01 7.209000000000000000e+03 9.748799000000000000e+16
1.316552000000000078e+01 1.323204999999999920e+01 5.158000000000000000e+03 8.130130000000000000e+16
1.323204999999999920e+01 1.329857999999999940e+01 3.609000000000000000e+03 6.631874000000000000e+16
1.329857999999999940e+01 1.336510999999999960e+01 2.498000000000000000e+03 5.348194000000000000e+16
1.336510999999999960e+01 1.343164999999999942e+01 1.793000000000000000e+03 4.475155000000000000e+16
1.343164999999999942e+01 1.349817999999999962e+01 1.109000000000000000e+03 3.219991000000000000e+16
1.349817999999999962e+01 1.356470999999999982e+01 8.050000000000000000e+02 2.727179000000000000e+16
1.356470999999999982e+01 1.363124000000000002e+01 5.450000000000000000e+02 2.148994000000000000e+16
1.363124000000000002e+01 1.369777000000000022e+01 3.110000000000000000e+02 1.429436000000000000e+16
1.369777000000000022e+01 1.376430000000000042e+01 2.020000000000000000e+02 1.079444000000000000e+16
1.376430000000000042e+01 1.383083000000000062e+01 1.020000000000000000e+02 6.423439000000000000e+15
1.383083000000000062e+01 1.389736000000000082e+01 6.800000000000000000e+01 4.951642000000000000e+15
1.389736000000000082e+01 1.396388999999999925e+01 4.200000000000000000e+01 3.584991000000000000e+15
1.396388999999999925e+01 1.403041999999999945e+01 1.600000000000000000e+01 1.556956000000000000e+15
1.403041999999999945e+01 1.409694999999999965e+01 7.000000000000000000e+00 7.955000000000000000e+14
1.409694999999999965e+01 1.416347999999999985e+01 8.000000000000000000e+00 1.103410000000000000e+15
1.416347999999999985e+01 1.423001000000000005e+01 3.000000000000000000e+00 4.707500000000000000e+14
