# M_low [Msun/h] M_high[Msun/h] Number M_total[Msun/h]
1.289939999999999998e+01 1.299441000000000024e+01 8.857700000000000000e+04 7.797581000000000000e+17
1.299441000000000024e+01 1.308942000000000050e+01 6.702900000000000000e+04 7.349897000000000000e+17
1.308942000000000050e+01 1.318443000000000076e+01 5.003800000000000000e+04 6.830668000000000000e+17
1.318443000000000076e+01 1.327945000000000064e+01 3.664000000000000000e+04 6.224608000000000000e+17
1.327945000000000064e+01 1.337445999999999913e+01 2.698500000000000000e+04 5.704381000000000000e+17
1.337445999999999913e+01 1.346946999999999939e+01 1.967200000000000000e+04 5.180326000000000000e+17
1.346946999999999939e+01 1.356447999999999965e+01 1.380500000000000000e+04 4.518936000000000000e+17
1.356447999999999965e+01 1.365948999999999991e+01 9.305000000000000000e+03 3.787965000000000000e+17
1.365948999999999991e+01 1.375450000000000017e+01 6.250000000000000000e+03 3.162223000000000000e+17
1.375450000000000017e+01 1.384951000000000043e+01 4.183000000000000000e+03 2.636843000000000000e+17
1.384951000000000043e+01 1.394453000000000031e+01 2.643000000000000000e+03 2.071887000000000000e+17
1.394453000000000031e+01 1.403954000000000057e+01 1.569000000000000000e+03 1.530930000000000000e+17
1.403954000000000057e+01 1.413455000000000084e+01 9.580000000000000000e+02 1.159709000000000000e+17
1.413455000000000084e+01 1.422955999999999932e+01 5.620000000000000000e+02 8.447201000000000000e+16
1.422955999999999932e+01 1.432456999999999958e+01 3.080000000000000000e+02 5.802963000000000000e+16
1.432456999999999958e+01 1.441957999999999984e+01 1.290000000000000000e+02 3.020152000000000000e+16
1.441957999999999984e+01 1.451459999999999972e+01 5.700000000000000000e+01 1.661505000000000000e+16
1.451459999999999972e+01 1.460960999999999999e+01 1.400000000000000000e+01 5.082040000000000000e+15
1.460960999999999999e+01 1.470462000000000025e+01 1.400000000000000000e+01 6.319370000000000000e+15
1.470462000000000025e+01 1.479963000000000051e+01 2.000000000000000000e+00 1.126270000000000000e+15
