# M_low [Msun/h] M_high[Msun/h] Number M_total[Msun/h]
1.280657000000000068e+01 1.306678999999999924e+01 3.495470000000000000e+05 2.982694000000000000e+18
1.306678999999999924e+01 1.332701999999999920e+01 1.993120000000000000e+05 3.096176000000000000e+18
1.332701999999999920e+01 1.358723999999999954e+01 1.112420000000000000e+05 3.136307000000000000e+18
1.358723999999999954e+01 1.384746999999999950e+01 5.905400000000000000e+04 3.030346000000000000e+18
1.384746999999999950e+01 1.410768999999999984e+01 2.896600000000000000e+04 2.695381000000000000e+18
1.410768999999999984e+01 1.436791999999999980e+01 1.331300000000000000e+04 2.248113000000000000e+18
1.436791999999999980e+01 1.462814000000000014e+01 5.235000000000000000e+03 1.587385000000000000e+18
1.462814000000000014e+01 1.488837000000000010e+01 1.630000000000000000e+03 8.932473000000000000e+17
1.488837000000000010e+01 1.514859000000000044e+01 3.640000000000000000e+02 3.556157000000000000e+17
1.514859000000000044e+01 1.540882000000000041e+01 5.300000000000000000e+01 9.153840000000000000e+16
