# M_low [Msun/h] M_high[Msun/h] Number M_total[Msun/h]
1.280657000000000068e+01 1.292549999999999955e+01 1.373700000000000000e+04 9.983638000000000000e+16
1.292549999999999955e+01 1.304443999999999981e+01 7.390000000000000000e+03 7.064117000000000000e+16
1.304443999999999981e+01 1.316337000000000046e+01 3.858000000000000000e+03 4.837027000000000000e+16
1.316337000000000046e+01 1.328231000000000073e+01 1.900000000000000000e+03 3.138194000000000000e+16
1.328231000000000073e+01 1.340123999999999960e+01 8.620000000000000000e+02 1.872095000000000000e+16
1.340123999999999960e+01 1.352017999999999986e+01 4.000000000000000000e+02 1.126346000000000000e+16
1.352017999999999986e+01 1.363911000000000051e+01 1.410000000000000000e+02 5.248072000000000000e+15
1.363911000000000051e+01 1.375805000000000078e+01 4.300000000000000000e+01 2.121167000000000000e+15
1.375805000000000078e+01 1.387697999999999965e+01 1.300000000000000000e+01 8.267890000000000000e+14
