# M_low [Msun/h] M_high[Msun/h] Number M_total[Msun/h]
1.280657000000000068e+01 1.307972000000000001e+01 3.718440000000000000e+05 3.218298000000000000e+18
1.307972000000000001e+01 1.335286999999999935e+01 2.090470000000000000e+05 3.394122000000000000e+18
1.335286999999999935e+01 1.362602000000000046e+01 1.160840000000000000e+05 3.525587000000000000e+18
1.362602000000000046e+01 1.389916999999999980e+01 6.085200000000000000e+04 3.459985000000000000e+18
1.389916999999999980e+01 1.417231999999999914e+01 3.000900000000000000e+04 3.182129000000000000e+18
1.417231999999999914e+01 1.444547999999999988e+01 1.370900000000000000e+04 2.710086000000000000e+18
1.444547999999999988e+01 1.471862999999999921e+01 5.334000000000000000e+03 1.960106000000000000e+18
1.471862999999999921e+01 1.499178000000000033e+01 1.653000000000000000e+03 1.125162000000000000e+18
1.499178000000000033e+01 1.526492999999999967e+01 3.380000000000000000e+02 4.279839000000000000e+17
1.526492999999999967e+01 1.553808000000000078e+01 4.100000000000000000e+01 9.477890000000000000e+16
