# M_low [Msun/h] M_high[Msun/h] Number M_total[Msun/h]
1.280657000000000068e+01 1.304493000000000080e+01 2.879680000000000000e+05 2.393891000000000000e+18
1.304493000000000080e+01 1.328330000000000055e+01 1.616440000000000000e+05 2.326385000000000000e+18
1.328330000000000055e+01 1.352167000000000030e+01 8.730000000000000000e+04 2.168477000000000000e+18
1.352167000000000030e+01 1.376004000000000005e+01 4.429700000000000000e+04 1.895403000000000000e+18
1.376004000000000005e+01 1.399840999999999980e+01 2.069900000000000000e+04 1.531612000000000000e+18
1.399840999999999980e+01 1.423677999999999955e+01 8.740000000000000000e+03 1.113904000000000000e+18
1.423677999999999955e+01 1.447513999999999967e+01 3.120000000000000000e+03 6.775333000000000000e+17
1.447513999999999967e+01 1.471350999999999942e+01 7.740000000000000000e+02 2.862888000000000000e+17
1.471350999999999942e+01 1.495187999999999917e+01 1.520000000000000000e+02 9.547997000000000000e+16
1.495187999999999917e+01 1.519025000000000070e+01 2.200000000000000000e+01 2.333869000000000000e+16
