# M_low [Msun/h] M_high[Msun/h] Number M_total[Msun/h]
1.280657000000000068e+01 1.303839999999999932e+01 2.640270000000000000e+05 2.178371000000000000e+18
1.303839999999999932e+01 1.327022999999999975e+01 1.462440000000000000e+05 2.056776000000000000e+18
1.327022999999999975e+01 1.350206999999999979e+01 7.798900000000000000e+04 1.865412000000000000e+18
1.350206999999999979e+01 1.373390000000000022e+01 3.853600000000000000e+04 1.565185000000000000e+18
1.373390000000000022e+01 1.396573000000000064e+01 1.774300000000000000e+04 1.224380000000000000e+18
1.396573000000000064e+01 1.419755999999999929e+01 7.214000000000000000e+03 8.443815000000000000e+17
1.419755999999999929e+01 1.442939999999999934e+01 2.482000000000000000e+03 4.868986000000000000e+17
1.442939999999999934e+01 1.466122999999999976e+01 5.610000000000000000e+02 1.851604000000000000e+17
1.466122999999999976e+01 1.489306000000000019e+01 1.250000000000000000e+02 7.053418000000000000e+16
1.489306000000000019e+01 1.512490000000000023e+01 1.000000000000000000e+01 9.780790000000000000e+15
