# M_low [Msun/h] M_high[Msun/h] Number M_total[Msun/h]
1.280657000000000068e+01 1.302149000000000001e+01 2.304500000000000000e+05 1.866573000000000000e+18
1.302149000000000001e+01 1.323642000000000074e+01 1.295990000000000000e+05 1.721328000000000000e+18
1.323642000000000074e+01 1.345134000000000007e+01 7.061100000000000000e+04 1.536819000000000000e+18
1.345134000000000007e+01 1.366627000000000081e+01 3.578200000000000000e+04 1.271635000000000000e+18
1.366627000000000081e+01 1.388119000000000014e+01 1.685000000000000000e+04 9.781275000000000000e+17
1.388119000000000014e+01 1.409612000000000087e+01 7.202000000000000000e+03 6.830286000000000000e+17
1.409612000000000087e+01 1.431104000000000021e+01 2.670000000000000000e+03 4.106754000000000000e+17
1.431104000000000021e+01 1.452596999999999916e+01 6.500000000000000000e+02 1.630203000000000000e+17
1.452596999999999916e+01 1.474089000000000027e+01 1.660000000000000000e+02 6.819639000000000000e+16
1.474089000000000027e+01 1.495581999999999923e+01 2.200000000000000000e+01 1.455371000000000000e+16
