# M_low [Msun/h] M_high[Msun/h] Number M_total[Msun/h]
1.280657000000000068e+01 1.306925000000000026e+01 3.413900000000000000e+05 2.918832000000000000e+18
1.306925000000000026e+01 1.333193999999999946e+01 1.894540000000000000e+05 2.964380000000000000e+18
1.333193999999999946e+01 1.359462000000000081e+01 1.016770000000000000e+05 2.903786000000000000e+18
1.359462000000000081e+01 1.385731000000000002e+01 5.176600000000000000e+04 2.694686000000000000e+18
1.385731000000000002e+01 1.411998999999999960e+01 2.391200000000000000e+04 2.271475000000000000e+18
1.411998999999999960e+01 1.438268000000000058e+01 1.030700000000000000e+04 1.782376000000000000e+18
1.438268000000000058e+01 1.464536000000000016e+01 3.522000000000000000e+03 1.099998000000000000e+18
1.464536000000000016e+01 1.490804999999999936e+01 9.390000000000000000e+02 5.238492000000000000e+17
1.490804999999999936e+01 1.517073000000000071e+01 1.630000000000000000e+02 1.643385000000000000e+17
1.517073000000000071e+01 1.543341999999999992e+01 1.300000000000000000e+01 2.231640000000000000e+16
