# M_low [Msun/h] M_high[Msun/h] Number M_total[Msun/h]
1.280657000000000068e+01 1.306114999999999959e+01 3.192410000000000000e+05 2.701779000000000000e+18
1.306114999999999959e+01 1.331573999999999991e+01 1.764460000000000000e+05 2.681116000000000000e+18
1.331573999999999991e+01 1.357032000000000060e+01 9.436600000000000000e+04 2.569433000000000000e+18
1.357032000000000060e+01 1.382490999999999914e+01 4.694800000000000000e+04 2.288267000000000000e+18
1.382490999999999914e+01 1.407948999999999984e+01 2.153600000000000000e+04 1.881182000000000000e+18
1.407948999999999984e+01 1.433408000000000015e+01 8.904000000000000000e+03 1.386555000000000000e+18
1.433408000000000015e+01 1.458866000000000085e+01 2.980000000000000000e+03 8.217097000000000000e+17
1.458866000000000085e+01 1.484323999999999977e+01 7.400000000000000000e+02 3.568004000000000000e+17
1.484323999999999977e+01 1.509783000000000008e+01 1.200000000000000000e+02 1.036101000000000000e+17
1.509783000000000008e+01 1.535241000000000078e+01 8.000000000000000000e+00 1.206240000000000000e+16
