# M_low [Msun/h] M_high[Msun/h] Number M_total[Msun/h]
1.280657000000000068e+01 1.308840000000000003e+01 3.843700000000000000e+05 3.357436000000000000e+18
1.308840000000000003e+01 1.337022999999999939e+01 2.155330000000000000e+05 3.603287000000000000e+18
1.337022999999999939e+01 1.365206000000000053e+01 1.184540000000000000e+05 3.780172000000000000e+18
1.365206000000000053e+01 1.393388999999999989e+01 6.182900000000000000e+04 3.766274000000000000e+18
1.393388999999999989e+01 1.421571999999999925e+01 3.047100000000000000e+04 3.529949000000000000e+18
1.421571999999999925e+01 1.449755000000000038e+01 1.373300000000000000e+04 3.027954000000000000e+18
1.449755000000000038e+01 1.477938999999999936e+01 5.390000000000000000e+03 2.254593000000000000e+18
1.477938999999999936e+01 1.506122000000000050e+01 1.588000000000000000e+03 1.242157000000000000e+18
1.506122000000000050e+01 1.534304999999999986e+01 3.250000000000000000e+02 4.835261000000000000e+17
1.534304999999999986e+01 1.562487999999999921e+01 4.000000000000000000e+01 1.078298000000000000e+17
