# M_low [Msun/h] M_high[Msun/h] Number M_total[Msun/h]
1.280657000000000068e+01 1.297361000000000075e+01 7.764900000000000000e+04 5.939831000000000000e+17
1.297361000000000075e+01 1.314065000000000083e+01 4.212200000000000000e+04 4.738161000000000000e+17
1.314065000000000083e+01 1.330770000000000053e+01 2.165800000000000000e+04 3.567004000000000000e+17
1.330770000000000053e+01 1.347474000000000061e+01 1.019800000000000000e+04 2.462231000000000000e+17
1.347474000000000061e+01 1.364179000000000030e+01 4.400000000000000000e+03 1.558672000000000000e+17
1.364179000000000030e+01 1.380883000000000038e+01 1.811000000000000000e+03 9.385664000000000000e+16
1.380883000000000038e+01 1.397587000000000046e+01 5.480000000000000000e+02 4.114253000000000000e+16
1.397587000000000046e+01 1.414292000000000016e+01 1.470000000000000000e+02 1.608776000000000000e+16
1.414292000000000016e+01 1.430996000000000024e+01 2.700000000000000000e+01 4.353980000000000000e+15
1.430996000000000024e+01 1.447700999999999993e+01 4.000000000000000000e+00 8.691200000000000000e+14
