5.920359231609655798e-02 2.714638221541541829e-02 4.758109280119247192e-03 7.922263741152584535e-04 1.141675259550227998e-04 6.484168971533615228e-05 1.566083577900673807e-06 1.085524770253233256e-05
8.263058191488900639e-02 1.915580553253673490e-02 6.416516210326028875e-03 7.350376065687469615e-04 1.992042981638380737e-04 6.161933730156803155e-05 1.125389350579740867e-06 2.136470689814094545e-05
1.461360183972726934e-01 5.569482157493717972e-02 1.860184000230578547e-02 9.603906076167119214e-04 1.104533449634560044e-03 2.587196035527525632e-04 2.429106459596598753e-06 6.927418097090796523e-05
3.019590979956546795e-01 4.985000623297611982e-02 3.339630389157437901e-02 8.999389555019375944e-03 7.343964428441390789e-04 1.090093889463229510e-03 8.578080602999116675e-06 1.718031620222841744e-04
2.317278154367649334e-01 3.162768002190301936e-02 5.144928034757192264e-02 6.702723358431915066e-03 1.547751364670773384e-03 3.679425153587069443e-04 5.673583545453854766e-06 8.376086123661943947e-05
4.180351317752410700e-02 2.059224025698750196e-02 3.369887782785468185e-03 5.209817119342808472e-04 1.055960343284640724e-04 4.443412515003427888e-05 1.173574285600156168e-06 1.572835681182176699e-05
7.805209044162475518e-02 3.219316165867919938e-02 1.721860155227405639e-02 3.845205148646902923e-03 5.515630060728177360e-04 1.415814106954943756e-04 5.445441698188849226e-06 4.211196147887567322e-05
7.849776303016589574e-02 3.688400758456674561e-02 1.707682183731457429e-02 2.783846588778179833e-03 6.114984810368706341e-04 1.536855982613365514e-04 1.376083648117120666e-05 3.389016896692370704e-05
7.690297273863672123e-02 1.774420596566036318e-02 9.073181365466677362e-03 2.052886077091480195e-03 2.772080984359003063e-04 1.057522079993050218e-04 1.502992184775462761e-06 1.682792778001050558e-05
2.337302004816073919e-01 3.162784539087803298e-02 3.093455920676366211e-02 4.291378488142391298e-03 9.923427507587342673e-04 3.979453848630017912e-04 3.839894961986016765e-06 9.603093646902645701e-05
9.626966365944558679e-02 5.175023621970553656e-02 4.125285526831527771e-02 2.302892998399195743e-02 1.774801367071116671e-03 1.880821155371090528e-03 9.234113917179995483e-05 3.638686558240443155e-04
3.004890694205626378e-01 2.170465198857510908e-02 1.440630243506100562e-02 2.113099558435986916e-03 6.048418908329879478e-04 8.143114328283209173e-05 1.349708906700770351e-06 2.965885675732938111e-05
9.556808657716167610e-02 4.126776387687629971e-02 3.096119367211204107e-02 1.396325538010908911e-02 2.246866951252039519e-03 6.414409907157166699e-04 2.982161132782183813e-05 2.735475996006338077e-04
9.363553714412532758e-02 3.281040897053946054e-02 9.169564779210881422e-03 1.585145134911678010e-03 1.643085515985020899e-04 1.070875351697030814e-04 2.204178644090899803e-06 1.644064875300283154e-05
7.621826093512772127e-02 1.653597013321331244e-02 6.213301786973133428e-03 1.838168275547441902e-03 1.976905128740745758e-04 5.212361183218969799e-05 1.056839111366188526e-06 1.277351478752472265e-05
6.506433026737232228e-02 7.429276609928026076e-02 7.114284425927176747e-02 8.378549661728837417e-02 1.116448440910501952e-02 5.313924815487328958e-03 6.022460747530436736e-04 2.376901251823726208e-03
4.754501538389637599e-02 4.051631393513099172e-02 8.661002466995913404e-03 2.352469646042259447e-03 2.570465846036616275e-04 9.011164867715888130e-05 1.060885378678922554e-05 3.157634673536972923e-05
5.543966689560933525e-02 3.222403418826341737e-02 7.464308320891925239e-03 1.969061284997287737e-03 2.623859462558478912e-04 1.299166143453417096e-04 4.479952675563469027e-06 4.215858628124881461e-05
1.039654944851703539e-01 5.985972386377260562e-02 3.444880615231932924e-02 8.881146281559643141e-03 5.323443372360011933e-04 4.118024788568437297e-04 1.857804311085713608e-05 2.822317719791474656e-04
3.875953970846377633e-02 3.409754275380473543e-02 1.276373016555928247e-02 9.468056475507479397e-04 3.047664067715878645e-04 7.288203100560416915e-05 3.975838390678956029e-06 2.357862743917998178e-05
6.684366998477615784e-02 4.089666663876168756e-02 1.055169556273133531e-02 4.843728384486460301e-03 5.850149649997187168e-04 2.736809578055076990e-04 8.437782322054137218e-06 8.958398908496417214e-05
6.922390314320905902e-02 2.309325433901680130e-02 1.095585311766164756e-02 2.223576957672246304e-03 3.487124852931426308e-04 2.071798169545786556e-04 1.104877941331633225e-06 4.329276187111234559e-05
6.681095130153398565e-02 1.896953271268977254e-02 5.602179930585458184e-03 6.449471061878174266e-04 1.882891622378580349e-04 5.695512280659321562e-05 1.476099456861804224e-06 1.252561282902598087e-05
2.277594281201314186e-01 1.470616889900426272e-01 7.931172713156191267e-02 2.001763132563759082e-02 9.004204245515060132e-04 3.276925063305905200e-03 1.708700450351273358e-05 1.045098055238499052e-03
2.915802364959032000e-01 3.434589630728727278e-02 2.782232628286691878e-02 2.376813382598752349e-03 5.476457051377368618e-04 1.253329926083528785e-04 5.010544168473377761e-06 1.821709958596981981e-05
1.239999864259577200e-01 3.708737866979181647e-02 1.373653513348361069e-02 3.241811945885154748e-03 4.275419071380634289e-04 1.663525792991592700e-04 1.178886330195454565e-06 6.795665405910173091e-05
9.990631538099609132e-02 3.150376340178522722e-02 6.053528255075265457e-02 1.906140800421940798e-02 3.546507922747862019e-03 1.763212332645493078e-03 7.695260498358675065e-05 4.167569224880481407e-04
1.432376762038766460e-01 5.347203502013769816e-02 3.490197760478998268e-02 7.981319834646567746e-03 5.429910415942116285e-04 4.250365533341113875e-04 1.287175049412415675e-05 2.304840047159671299e-04
6.808616772414888274e-02 2.166745054083459715e-02 3.815731023480953017e-03 6.089657932684333034e-04 9.452189717123866638e-05 6.339972137423760068e-05 3.457928441940360418e-06 1.501089042699763830e-05
1.139958087774708972e-01 1.521923308462585535e-02 9.389805546150544260e-03 1.473991811027911946e-03 2.627533226316803878e-04 6.896463733456359587e-05 1.363407048261560270e-06 1.367986679276579393e-05
7.270404070921443473e-02 5.315546011965263662e-02 2.728343548851329403e-02 2.288248619986417084e-02 2.749460743951946499e-03 1.250956297171456179e-03 8.926156410853473020e-05 4.854381609036755117e-04
4.686902565014908900e-02 3.197020284553034331e-02 6.964041698433782838e-03 2.593763153918860961e-03 3.898825749134252213e-04 1.689947274648164149e-04 1.185217047833609638e-05 5.914609841714652899e-05
1.346626887257532934e-01 4.257446049938948957e-02 1.873614598999168504e-02 1.817909324513225467e-03 5.144139415501013633e-04 1.381159129687945734e-04 7.143494588370194629e-06 2.783799167482227098e-05
8.435123913533613960e-02 2.567612002653367129e-02 7.352897700207868849e-03 7.714884633184063969e-04 2.043362605256211805e-04 6.581250923138149496e-05 1.861138214448389578e-06 1.665197479760076313e-05
8.934461831284706834e-02 2.233421439444783010e-02 3.682723366784851782e-03 4.626424119409579413e-04 1.084607831248409778e-04 3.910925264474950964e-05 9.004493811757264852e-07 1.023867888408153874e-05
2.349084546536097107e-01 3.395536625743542786e-02 2.611706238650462683e-02 1.565867408714123610e-03 6.512480450379072106e-04 1.143428740270154600e-04 6.195677383720809413e-06 2.749209013346438609e-05
4.958783445933771100e-02 2.045906146313498583e-02 6.163602021513560694e-03 9.411301093926761072e-04 1.554086885105519030e-04 8.799466324276715597e-05 3.206848383046694183e-06 1.953203719572417746e-05
3.046076389445281363e-01 4.392311926598152505e-02 6.075452276397253631e-02 1.720447087168877620e-02 9.330136137843432357e-04 6.240744227114915308e-04 2.586714801167331310e-06 1.904268027030057043e-04
1.600291043818867498e-01 3.715982725755673927e-02 1.645701361388207315e-02 3.559718498395566481e-03 3.965703278630112690e-04 2.355260941477991567e-04 5.114907333130657545e-06 1.150944181440742629e-04
