-5.309880947548066832e-01 1.308936705301598113e+00 6.569993044370658897e-01 -1.923202893326198426e+00 -8.466004110114561110e-01 3.945328343214695166e-01 6.244092341272201585e-01 -5.004438921779431615e-01
-5.834467377650509601e-01 1.287335477073161094e+00 4.966085831731242295e-01 -2.031829230416433596e+00 -8.362367001019834767e-01 3.767957162797710424e-01 6.311230359097896869e-01 -5.185468460990466655e-01
9.168901454970765363e-02 1.697045267368635590e+00 5.720910420621749815e-01 -1.905738395021148168e+00 -9.049346026566090773e-01 4.105139229623756547e-01 6.123417229725244271e-01 -4.761647763165190450e-01
-1.121350300075724116e+00 2.031157615435172037e+00 1.020869808290463698e+00 -2.116595877782474933e+00 -9.006220165904227359e-01 4.512319726265628383e-01 6.003822423743041536e-01 -4.693405390034030567e-01
-4.136945437337224418e-01 1.103254946511188495e+00 4.128121419016791416e-01 -2.065705356814631966e+00 -8.635361928599483150e-01 4.143952960222350157e-01 6.178942541925551701e-01 -4.881185930695153830e-01
-5.233896378642167724e-01 1.346539712328958638e+00 4.719221896816185868e-01 -2.042253149808327173e+00 -8.126406358725650758e-01 3.684042691121049429e-01 6.268811020594006189e-01 -5.185856326120231730e-01
-5.336746005870411924e-01 1.141366195520989280e+00 5.130157613261751015e-01 -1.939715068496422834e+00 -8.485963254152748547e-01 4.023538325015690309e-01 6.230673377706956728e-01 -4.898433661959562535e-01
-6.966710434054796952e-01 1.068608354102804414e+00 5.514454149639828051e-01 -1.788786615786127632e+00 -8.423732575389034638e-01 3.983020616154360205e-01 6.207553841919278836e-01 -4.906190822394131956e-01
-7.980140584982047258e-01 1.602108382267450448e+00 7.381087757624659185e-01 -1.964704422749787849e+00 -8.468866999050098654e-01 3.938505497236404196e-01 6.166342768615379333e-01 -5.020453556457188382e-01
-8.733238935088455390e-01 1.715935811212901951e+00 9.379904188729153436e-01 -1.903520617467652887e+00 -8.898855383799302299e-01 4.231808865150205601e-01 5.988137007289967562e-01 -4.722502735419265019e-01
-2.700066338899246299e-01 7.617436453830382925e-01 5.799908305571749301e-01 -2.057073665379743233e+00 -8.661522429034405057e-01 4.321935514438327020e-01 6.252657776537611234e-01 -4.817786370342563851e-01
-6.525469127744382147e-01 1.639985646338260716e+00 5.794087823967887241e-01 -2.001617342263986910e+00 -8.355087702028602958e-01 3.910375131399372317e-01 6.261399535217995194e-01 -4.903097028853849459e-01
-5.089485612283216609e-01 9.510337326732184460e-01 4.847573464236054064e-01 -2.043329229048794993e+00 -8.709339051513117491e-01 4.089506008881143573e-01 6.219196084366397370e-01 -4.807535638098420216e-01
-4.006140361010711581e-01 1.272963363787327662e+00 5.726062415587164223e-01 -1.960786470696288530e+00 -8.293519056993507998e-01 3.795196862436734375e-01 6.258288984216243689e-01 -5.024938398981892984e-01
-6.624347079612220579e-01 1.626274998335980770e+00 5.523869376957444288e-01 -2.029376945113453345e+00 -8.027777183370349290e-01 3.765849317698772847e-01 6.403548571701108694e-01 -5.168337281270262151e-01
-2.556398385487692604e-01 3.891892854861166429e-01 4.705098728913496564e-01 -2.379157236982583523e+00 -9.608633568796948188e-01 5.150546011322938433e-01 6.533305128162734121e-01 -4.254511129274912706e-01
-5.260878400000584820e-01 1.177259775717852008e+00 5.252772596388769477e-01 -1.840714621980757970e+00 -8.367680815483290457e-01 3.970023139328732742e-01 6.152897497369927970e-01 -4.974369043642421495e-01
-5.297113634805199478e-01 1.212224079910799723e+00 5.119087465477049070e-01 -1.997938007277392458e+00 -8.410808356400594210e-01 3.824553431271784931e-01 6.207057216764887420e-01 -5.083927620969956873e-01
-1.161354458656856936e+00 1.614002247837273085e+00 8.748566004108443428e-01 -1.850585564845527164e+00 -8.397706940995627312e-01 4.159246896024634266e-01 5.949966793696748191e-01 -4.656063489920699849e-01
-7.617749839090550701e-01 1.285621075671468549e+00 4.715860517292319032e-01 -1.872424395877876568e+00 -8.421790612514454821e-01 3.942208592680883639e-01 6.128735599445765958e-01 -4.944749646286142886e-01
-4.389598650153737069e-01 1.103215490045164948e+00 5.773497098607833777e-01 -2.041890404210783050e+00 -8.614356635563177322e-01 3.965245824993295365e-01 6.199789780787148263e-01 -5.022572116113628304e-01
-1.027977243750425540e+00 1.660942276523875716e+00 9.121422247932104987e-01 -1.978386228507401867e+00 -8.805685908735382261e-01 4.018478291329294350e-01 6.107903192749482013e-01 -4.911036759796705287e-01
-1.210607999824604847e-01 1.716881056333051214e+00 4.992942760636523425e-01 -2.071201230303409080e+00 -8.412322468299431311e-01 3.701390040462722575e-01 6.331396423824093844e-01 -5.110097882427561133e-01
-1.501623991605449460e+00 1.696806242975293921e+00 1.335848980991627188e+00 -1.884405603243286098e+00 -8.666365979217242055e-01 4.554426375667738336e-01 6.007308668350828107e-01 -4.330799845590810881e-01
-2.154397274906873494e-01 1.209059049467617220e+00 7.688387874624017515e-01 -1.908319681093248121e+00 -8.756738745725995976e-01 4.030199765829302616e-01 5.990779502356636810e-01 -4.934919244185469456e-01
-7.907541221927776309e-01 1.679080495343019619e+00 6.256725537935760029e-01 -1.976215641580312488e+00 -8.309023157411161709e-01 4.005630553503752300e-01 6.140905035874603124e-01 -4.879817887019007872e-01
-5.779540527576101233e-02 6.451702426505936394e-01 6.133252913119173755e-01 -2.233587809586468520e+00 -8.464922379659431950e-01 4.501196604258030920e-01 6.452762101450740806e-01 -4.633700492153898232e-01
-1.164590824418163750e+00 1.606214419392283599e+00 9.144897235740055974e-01 -1.867276590593540897e+00 -8.395115788943274815e-01 4.078860374620932872e-01 5.961664497846321797e-01 -4.617238826997387413e-01
-3.961123698070527777e-01 1.284594036856030908e+00 4.828509670310699442e-01 -1.935499726134457088e+00 -8.144011293844787280e-01 3.847069861655406098e-01 6.302404952646907255e-01 -5.204497069011416732e-01
-5.261059003849042348e-01 1.627883095605862529e+00 5.855830770847701983e-01 -1.983253640810134000e+00 -8.311714314663047887e-01 3.785984424354355005e-01 6.215906799487996848e-01 -5.037913127270672309e-01
-3.574211271856826411e-01 8.172607615866696040e-01 5.698542937106810813e-01 -2.074744082690104019e+00 -8.813143289892166887e-01 4.263774667010120645e-01 6.273129933490102506e-01 -4.897853747371224142e-01
-4.104744473179938735e-01 1.146051294906534901e+00 4.094478849014612787e-01 -1.944220620817466605e+00 -8.121555784876501871e-01 3.923361757834966101e-01 6.309610573365135311e-01 -5.126122063964874132e-01
-7.233269591343209903e-01 1.202950078284263036e+00 6.437751233288153685e-01 -1.823228275531028286e+00 -8.686881452997540221e-01 4.033786872185068928e-01 6.018390018777040051e-01 -4.875961227868594317e-01
-6.420010308430951218e-01 1.300750823945112433e+00 5.876294797780851065e-01 -1.886589712806835406e+00 -8.523552828170087858e-01 3.939468462515025582e-01 6.190909725690401100e-01 -4.972490287919809071e-01
-3.289147276491927174e-01 1.411741308043952259e+00 5.024940615398511001e-01 -2.005193976642490661e+00 -8.317745122201777308e-01 3.848224775688807719e-01 6.255152077098433683e-01 -5.146999823023961085e-01
-7.389697823163565715e-01 1.348682705311286645e+00 5.064901961750082338e-01 -1.928860803613461128e+00 -8.475045791039780285e-01 4.048929196479255643e-01 6.160599896622536154e-01 -4.849412576466691216e-01
-3.393767005989525298e-01 1.151481613845781737e+00 5.272263748975778430e-01 -1.922015389766040583e+00 -8.244914218870841305e-01 3.899781621423790701e-01 6.334934907475391341e-01 -5.083188860369557416e-01
-1.324216338317853570e+00 2.210029402368899998e+00 1.115906673797950388e+00 -2.168984808947170606e+00 -8.967814995378430298e-01 4.662979948152542464e-01 6.067824340451780651e-01 -4.462825152148202634e-01
-9.152213741955400605e-01 1.527890704296867241e+00 7.717789478904074629e-01 -1.851584615699182867e+00 -8.471188512849401331e-01 4.013818918615718601e-01 6.042879372941443172e-01 -4.791434601320109232e-01
