# M_low [Msun/h] M_high[Msun/h] Number M_total[Msun/h]
1.290649999999999942e+01 1.303806999999999938e+01 2.748600000000000000e+04 2.546938000000000000e+17
1.303806999999999938e+01 1.316962999999999973e+01 1.496000000000000000e+04 1.875512000000000000e+17
1.316962999999999973e+01 1.330119000000000007e+01 7.706000000000000000e+03 1.309592000000000000e+17
1.330119000000000007e+01 1.343276000000000003e+01 3.704000000000000000e+03 8.501128000000000000e+16
1.343276000000000003e+01 1.356432000000000038e+01 1.609000000000000000e+03 4.988144000000000000e+16
1.356432000000000038e+01 1.369589000000000034e+01 6.610000000000000000e+02 2.774610000000000000e+16
1.369589000000000034e+01 1.382745000000000068e+01 2.560000000000000000e+02 1.452309000000000000e+16
1.382745000000000068e+01 1.395902000000000065e+01 7.700000000000000000e+01 5.888266000000000000e+15
1.395902000000000065e+01 1.409057999999999922e+01 2.200000000000000000e+01 2.260299000000000000e+15
1.409057999999999922e+01 1.422213999999999956e+01 6.000000000000000000e+00 8.471300000000000000e+14
