# M_low [Msun/h] M_high[Msun/h] Number M_total[Msun/h]
1.290649999999999942e+01 1.311148000000000025e+01 1.769980000000000000e+05 1.779334000000000000e+18
1.311148000000000025e+01 1.331647000000000070e+01 9.492900000000000000e+04 1.528181000000000000e+18
1.331647000000000070e+01 1.352144999999999975e+01 4.705800000000000000e+04 1.211417000000000000e+18
1.352144999999999975e+01 1.372643000000000058e+01 2.163300000000000000e+04 8.893615000000000000e+17
1.372643000000000058e+01 1.393140999999999963e+01 8.948000000000000000e+03 5.854881000000000000e+17
1.393140999999999963e+01 1.413639000000000046e+01 3.088000000000000000e+03 3.215762000000000000e+17
1.413639000000000046e+01 1.434136999999999951e+01 8.480000000000000000e+02 1.400434000000000000e+17
1.434136999999999951e+01 1.454635000000000034e+01 1.760000000000000000e+02 4.677064000000000000e+16
1.454635000000000034e+01 1.475134000000000079e+01 4.400000000000000000e+01 1.781908000000000000e+16
1.475134000000000079e+01 1.495631999999999984e+01 5.000000000000000000e+00 3.372250000000000000e+15
