# M_low [Msun/h] M_high[Msun/h] Number M_total[Msun/h]
1.290649999999999942e+01 1.310528000000000048e+01 1.492960000000000000e+05 1.490832000000000000e+18
1.310528000000000048e+01 1.330406999999999940e+01 7.798200000000000000e+04 1.229123000000000000e+18
1.330406999999999940e+01 1.350285000000000046e+01 3.864000000000000000e+04 9.586607000000000000e+17
1.350285000000000046e+01 1.370162999999999975e+01 1.722800000000000000e+04 6.732042000000000000e+17
1.370162999999999975e+01 1.390041000000000082e+01 6.850000000000000000e+03 4.207990000000000000e+17
1.390041000000000082e+01 1.409919000000000011e+01 2.255000000000000000e+03 2.168968000000000000e+17
1.409919000000000011e+01 1.429798000000000080e+01 6.340000000000000000e+02 9.533063000000000000e+16
1.429798000000000080e+01 1.449676000000000009e+01 1.240000000000000000e+02 3.003271000000000000e+16
1.449676000000000009e+01 1.469553999999999938e+01 2.600000000000000000e+01 9.832670000000000000e+15
1.469553999999999938e+01 1.489432000000000045e+01 4.000000000000000000e+00 2.278380000000000000e+15
