# M_low [Msun/h] M_high[Msun/h] Number M_total[Msun/h]
1.290649999999999942e+01 1.311880999999999986e+01 2.352600000000000000e+05 2.390070000000000000e+18
1.311880999999999986e+01 1.333112000000000030e+01 1.295400000000000000e+05 2.143698000000000000e+18
1.333112000000000030e+01 1.354343000000000075e+01 6.940600000000000000e+04 1.866387000000000000e+18
1.354343000000000075e+01 1.375573999999999941e+01 3.381100000000000000e+04 1.479699000000000000e+18
1.375573999999999941e+01 1.396804000000000023e+01 1.533100000000000000e+04 1.089915000000000000e+18
1.396804000000000023e+01 1.418035000000000068e+01 5.968000000000000000e+03 6.852075000000000000e+17
1.418035000000000068e+01 1.439265999999999934e+01 1.938000000000000000e+03 3.590931000000000000e+17
1.439265999999999934e+01 1.460496999999999979e+01 4.470000000000000000e+02 1.350022000000000000e+17
1.460496999999999979e+01 1.481728000000000023e+01 1.020000000000000000e+02 4.999243000000000000e+16
1.481728000000000023e+01 1.502959000000000067e+01 1.900000000000000000e+01 1.448105000000000000e+16
