# M_low [Msun/h] M_high[Msun/h] Number M_total[Msun/h]
1.290649999999999942e+01 1.313655999999999935e+01 3.014910000000000000e+05 3.124276000000000000e+18
1.313655999999999935e+01 1.336661999999999928e+01 1.702070000000000000e+05 2.992239000000000000e+18
1.336661999999999928e+01 1.359666999999999959e+01 9.160300000000000000e+04 2.727998000000000000e+18
1.359666999999999959e+01 1.382672999999999952e+01 4.632200000000000000e+04 2.336393000000000000e+18
1.382672999999999952e+01 1.405678999999999945e+01 2.135700000000000000e+04 1.823608000000000000e+18
1.405678999999999945e+01 1.428683999999999976e+01 8.683000000000000000e+03 1.245341000000000000e+18
1.428683999999999976e+01 1.451689999999999969e+01 2.911000000000000000e+03 7.029452000000000000e+17
1.451689999999999969e+01 1.474695999999999962e+01 7.210000000000000000e+02 2.932162000000000000e+17
1.474695999999999962e+01 1.497700999999999993e+01 1.410000000000000000e+02 9.759333000000000000e+16
1.497700999999999993e+01 1.520706999999999987e+01 2.700000000000000000e+01 3.129619000000000000e+16
