# M_low [Msun/h] M_high[Msun/h] Number M_total[Msun/h]
1.290649999999999942e+01 1.314709000000000039e+01 3.369900000000000000e+05 3.537833000000000000e+18
1.314709000000000039e+01 1.338767999999999958e+01 1.890090000000000000e+05 3.451032000000000000e+18
1.338767999999999958e+01 1.362827000000000055e+01 1.028030000000000000e+05 3.249803000000000000e+18
1.362827000000000055e+01 1.386885999999999974e+01 5.229200000000000000e+04 2.870228000000000000e+18
1.386885999999999974e+01 1.410945000000000071e+01 2.428200000000000000e+04 2.311922000000000000e+18
1.410945000000000071e+01 1.435003000000000029e+01 9.951000000000000000e+03 1.632975000000000000e+18
1.435003000000000029e+01 1.459061999999999948e+01 3.388000000000000000e+03 9.606433000000000000e+17
1.459061999999999948e+01 1.483121000000000045e+01 8.690000000000000000e+02 4.246239000000000000e+17
1.483121000000000045e+01 1.507179999999999964e+01 1.560000000000000000e+02 1.316242000000000000e+17
1.507179999999999964e+01 1.531239000000000061e+01 2.600000000000000000e+01 3.736980000000000000e+16
