# M_low [Msun/h] M_high[Msun/h] Number M_total[Msun/h]
1.290649999999999942e+01 1.312852999999999959e+01 2.691860000000000000e+05 2.764342000000000000e+18
1.312852999999999959e+01 1.335055999999999976e+01 1.504910000000000000e+05 2.575482000000000000e+18
1.335055999999999976e+01 1.357259999999999955e+01 7.967500000000000000e+04 2.267619000000000000e+18
1.357259999999999955e+01 1.379462999999999973e+01 3.942500000000000000e+04 1.863355000000000000e+18
1.379462999999999973e+01 1.401665999999999990e+01 1.813900000000000000e+04 1.422300000000000000e+18
1.401665999999999990e+01 1.423869000000000007e+01 7.164000000000000000e+03 9.286624000000000000e+17
1.423869000000000007e+01 1.446072000000000024e+01 2.306000000000000000e+03 4.933695000000000000e+17
1.446072000000000024e+01 1.468275000000000041e+01 5.410000000000000000e+02 1.912940000000000000e+17
1.468275000000000041e+01 1.490478000000000058e+01 1.150000000000000000e+02 6.829522000000000000e+16
1.490478000000000058e+01 1.512681000000000076e+01 1.700000000000000000e+01 1.703268000000000000e+16
