# M_low [Msun/h] M_high[Msun/h] Number M_total[Msun/h]
1.290649999999999942e+01 1.315911999999999971e+01 3.636590000000000000e+05 3.864429000000000000e+18
1.315911999999999971e+01 1.341173000000000037e+01 2.038290000000000000e+05 3.872008000000000000e+18
1.341173000000000037e+01 1.366435000000000066e+01 1.088080000000000000e+05 3.688998000000000000e+18
1.366435000000000066e+01 1.391696999999999917e+01 5.415400000000000000e+04 3.270396000000000000e+18
1.391696999999999917e+01 1.416957999999999984e+01 2.496400000000000000e+04 2.685003000000000000e+18
1.416957999999999984e+01 1.442220000000000013e+01 9.966000000000000000e+03 1.898622000000000000e+18
1.442220000000000013e+01 1.467482000000000042e+01 3.316000000000000000e+03 1.117961000000000000e+18
1.467482000000000042e+01 1.492742999999999931e+01 7.860000000000000000e+02 4.665302000000000000e+17
1.492742999999999931e+01 1.518004999999999960e+01 1.380000000000000000e+02 1.456365000000000000e+17
1.518004999999999960e+01 1.543266000000000027e+01 1.500000000000000000e+01 2.710210000000000000e+16
