# M_low [Msun/h] M_high[Msun/h] Number M_total[Msun/h]
1.290649999999999942e+01 1.299887999999999977e+01 2.679000000000000000e+03 2.380420000000000000e+16
1.299887999999999977e+01 1.309125000000000050e+01 1.393000000000000000e+03 1.530349000000000000e+16
1.309125000000000050e+01 1.318363000000000085e+01 7.730000000000000000e+02 1.050190000000000000e+16
1.318363000000000085e+01 1.327600999999999942e+01 3.590000000000000000e+02 6.031337000000000000e+15
1.327600999999999942e+01 1.336838000000000015e+01 1.640000000000000000e+02 3.396453000000000000e+15
1.336838000000000015e+01 1.346076000000000050e+01 8.000000000000000000e+01 2.054997000000000000e+15
1.346076000000000050e+01 1.355312999999999946e+01 3.200000000000000000e+01 1.015908000000000000e+15
1.355312999999999946e+01 1.364550999999999981e+01 8.000000000000000000e+00 3.026470000000000000e+14
1.364550999999999981e+01 1.373789000000000016e+01 7.000000000000000000e+00 3.409870000000000000e+14
