# M_low [Msun/h] M_high[Msun/h] Number M_total[Msun/h]
1.290649999999999942e+01 1.311407999999999952e+01 2.043550000000000000e+05 2.060834000000000000e+18
1.311407999999999952e+01 1.332164999999999999e+01 1.122100000000000000e+05 1.825425000000000000e+18
1.332164999999999999e+01 1.352923000000000009e+01 5.778200000000000000e+04 1.509578000000000000e+18
1.352923000000000009e+01 1.373681000000000019e+01 2.759600000000000000e+04 1.159369000000000000e+18
1.373681000000000019e+01 1.394438000000000066e+01 1.208600000000000000e+04 8.161438000000000000e+17
1.394438000000000066e+01 1.415196000000000076e+01 4.418000000000000000e+03 4.773454000000000000e+17
1.415196000000000076e+01 1.435954000000000086e+01 1.339000000000000000e+03 2.311094000000000000e+17
1.435954000000000086e+01 1.456710999999999956e+01 3.010000000000000000e+02 8.374021000000000000e+16
1.456710999999999956e+01 1.477468999999999966e+01 7.500000000000000000e+01 3.299397000000000000e+16
1.477468999999999966e+01 1.498226999999999975e+01 9.000000000000000000e+00 6.514990000000000000e+15
