# M_low [Msun/h] M_high[Msun/h] Number M_total[Msun/h]
1.287753000000000014e+01 1.300010999999999939e+01 8.004000000000000000e+03 6.853703000000000000e+16
1.300010999999999939e+01 1.312269000000000041e+01 4.008000000000000000e+03 4.565560000000000000e+16
1.312269000000000041e+01 1.324527999999999928e+01 1.938000000000000000e+03 2.917725000000000000e+16
1.324527999999999928e+01 1.336786000000000030e+01 8.340000000000000000e+02 1.665414000000000000e+16
1.336786000000000030e+01 1.349043999999999954e+01 3.330000000000000000e+02 8.777259000000000000e+15
1.349043999999999954e+01 1.361303000000000019e+01 1.050000000000000000e+02 3.650576000000000000e+15
1.361303000000000019e+01 1.373560999999999943e+01 3.600000000000000000e+01 1.665133000000000000e+15
1.373560999999999943e+01 1.385819000000000045e+01 1.100000000000000000e+01 6.512430000000000000e+14
1.385819000000000045e+01 1.398077999999999932e+01 2.000000000000000000e+00 1.604340000000000000e+14
1.398077999999999932e+01 1.410336000000000034e+01 2.000000000000000000e+00 2.014310000000000000e+14
