# M_low [Msun/h] M_high[Msun/h] Number M_total[Msun/h]
1.287753000000000014e+01 1.309144000000000041e+01 2.190050000000000000e+05 2.083041000000000000e+18
1.309144000000000041e+01 1.330533999999999928e+01 1.199940000000000000e+05 1.866149000000000000e+18
1.330533999999999928e+01 1.351924999999999955e+01 6.222600000000000000e+04 1.580367000000000000e+18
1.351924999999999955e+01 1.373315999999999981e+01 3.000700000000000000e+04 1.242513000000000000e+18
1.373315999999999981e+01 1.394707000000000008e+01 1.312400000000000000e+04 8.847124000000000000e+17
1.394707000000000008e+01 1.416098000000000035e+01 5.027000000000000000e+03 5.520432000000000000e+17
1.416098000000000035e+01 1.437489000000000061e+01 1.665000000000000000e+03 2.954888000000000000e+17
1.437489000000000061e+01 1.458880000000000088e+01 3.970000000000000000e+02 1.153557000000000000e+17
1.458880000000000088e+01 1.480270999999999937e+01 7.800000000000000000e+01 3.608592000000000000e+16
1.480270999999999937e+01 1.501661999999999964e+01 1.100000000000000000e+01 8.040300000000000000e+15
