# M_low [Msun/h] M_high[Msun/h] Number M_total[Msun/h]
1.287753000000000014e+01 1.306573000000000029e+01 1.218250000000000000e+05 1.124131000000000000e+18
1.306573000000000029e+01 1.325394000000000005e+01 6.451300000000000000e+04 9.178427000000000000e+17
1.325394000000000005e+01 1.344214000000000020e+01 3.252100000000000000e+04 7.103029000000000000e+17
1.344214000000000020e+01 1.363034000000000034e+01 1.490100000000000000e+04 5.010769000000000000e+17
1.363034000000000034e+01 1.381855000000000011e+01 6.233000000000000000e+03 3.220224000000000000e+17
1.381855000000000011e+01 1.400675000000000026e+01 2.261000000000000000e+03 1.792204000000000000e+17
1.400675000000000026e+01 1.419496000000000002e+01 7.170000000000000000e+02 8.737777000000000000e+16
1.419496000000000002e+01 1.438316000000000017e+01 1.640000000000000000e+02 3.026456000000000000e+16
1.438316000000000017e+01 1.457136999999999993e+01 2.800000000000000000e+01 7.788400000000000000e+15
1.457136999999999993e+01 1.475957000000000008e+01 7.000000000000000000e+00 2.809290000000000000e+15
