# M_low [Msun/h] M_high[Msun/h] Number M_total[Msun/h]
1.287753000000000014e+01 1.304892000000000074e+01 7.451400000000000000e+04 6.742169000000000000e+17
1.304892000000000074e+01 1.322030999999999956e+01 3.911800000000000000e+04 5.253110000000000000e+17
1.322030999999999956e+01 1.339170000000000016e+01 1.871100000000000000e+04 3.712735000000000000e+17
1.339170000000000016e+01 1.356309000000000076e+01 8.635000000000000000e+03 2.534988000000000000e+17
1.356309000000000076e+01 1.373447999999999958e+01 3.586000000000000000e+03 1.558087000000000000e+17
1.373447999999999958e+01 1.390587999999999980e+01 1.281000000000000000e+03 8.205675000000000000e+16
1.390587999999999980e+01 1.407727000000000039e+01 4.010000000000000000e+02 3.789113000000000000e+16
1.407727000000000039e+01 1.424865999999999921e+01 8.600000000000000000e+01 1.196775000000000000e+16
1.424865999999999921e+01 1.442004999999999981e+01 1.700000000000000000e+01 3.661580000000000000e+15
1.442004999999999981e+01 1.459144000000000041e+01 3.000000000000000000e+00 8.750800000000000000e+14
