# M_low [Msun/h] M_high[Msun/h] Number M_total[Msun/h]
1.287753000000000014e+01 1.310548000000000002e+01 2.815200000000000000e+05 2.724109000000000000e+18
1.310548000000000002e+01 1.333342999999999989e+01 1.559470000000000000e+05 2.548019000000000000e+18
1.333342999999999989e+01 1.356137999999999977e+01 8.331700000000000000e+04 2.293814000000000000e+18
1.356137999999999977e+01 1.378932999999999964e+01 4.158800000000000000e+04 1.926461000000000000e+18
1.378932999999999964e+01 1.401727999999999952e+01 1.881500000000000000e+04 1.468020000000000000e+18
1.401727999999999952e+01 1.424522999999999939e+01 7.666000000000000000e+03 1.006825000000000000e+18
1.424522999999999939e+01 1.447317999999999927e+01 2.495000000000000000e+03 5.496051000000000000e+17
1.447317999999999927e+01 1.470112999999999914e+01 6.930000000000000000e+02 2.547975000000000000e+17
1.470112999999999914e+01 1.492908000000000079e+01 1.410000000000000000e+02 8.633067000000000000e+16
1.492908000000000079e+01 1.515703000000000067e+01 1.500000000000000000e+01 1.437289000000000000e+16
