# M_low [Msun/h] M_high[Msun/h] Number M_total[Msun/h]
1.287753000000000014e+01 1.309920999999999935e+01 2.560850000000000000e+05 2.459025000000000000e+18
1.309920999999999935e+01 1.332089000000000034e+01 1.411350000000000000e+05 2.257223000000000000e+18
1.332089000000000034e+01 1.354257999999999917e+01 7.469700000000000000e+04 1.983723000000000000e+18
1.354257999999999917e+01 1.376426000000000016e+01 3.682500000000000000e+04 1.620718000000000000e+18
1.376426000000000016e+01 1.398595000000000077e+01 1.655100000000000000e+04 1.210932000000000000e+18
1.398595000000000077e+01 1.420762999999999998e+01 6.563000000000000000e+03 7.951125000000000000e+17
1.420762999999999998e+01 1.442930999999999919e+01 2.184000000000000000e+03 4.375806000000000000e+17
1.442930999999999919e+01 1.465099999999999980e+01 5.920000000000000000e+02 1.935750000000000000e+17
1.465099999999999980e+01 1.487268000000000079e+01 1.110000000000000000e+02 5.942175000000000000e+16
1.487268000000000079e+01 1.509436999999999962e+01 1.800000000000000000e+01 1.471052000000000000e+16
