6.837970000000000000e+05 3.360544000000000233e+05 2.018820000000000000e+05 1.041793000000000029e+05 5.091973999999999796e+04 2.546406000000000131e+04 8.125511000000000422e+03 1.912188000000000102e+03 2.342368999999999915e+02 2.020285000000000082e+02
3.360544000000000233e+05 2.782605000000000000e+05 1.181523000000000029e+05 6.520330000000000291e+04 3.061391999999999825e+04 1.634759000000000015e+04 4.277229000000000269e+03 1.473796000000000049e+03 3.787120000000000175e+01 1.476973000000000127e+02
2.018820000000000000e+05 1.181523000000000029e+05 1.068546999999999971e+05 3.760797000000000116e+04 1.827516999999999825e+04 9.707757999999999811e+03 3.326387000000000171e+03 8.165193000000000438e+02 8.035057000000000471e+01 8.321411000000000513e+01
1.041793000000000029e+05 6.520330000000000291e+04 3.760797000000000116e+04 3.456187999999999738e+04 9.105967000000000553e+03 4.820518000000000029e+03 1.555734999999999900e+03 5.519433000000000220e+02 4.102129000000000048e+01 5.716351999999999833e+01
5.091973999999999796e+04 3.061391999999999825e+04 1.827516999999999825e+04 9.105967000000000553e+03 1.110179999999999927e+04 2.563956999999999880e+03 6.470988999999999578e+02 1.721553000000000111e+02 5.502512999999999721e+01 1.974455999999999989e+01
2.546406000000000131e+04 1.634759000000000015e+04 9.707757999999999811e+03 4.820518000000000029e+03 2.563956999999999880e+03 3.535469999999999800e+03 4.518326000000000136e+02 1.494808999999999912e+02 6.339157000000000153e+00 2.903107999999999933e+01
8.125511000000000422e+03 4.277229000000000269e+03 3.326387000000000171e+03 1.555734999999999900e+03 6.470988999999999578e+02 4.518326000000000136e+02 8.931720000000000255e+02 7.818294000000000210e+01 9.769942999999999600e+00 1.516757999999999917e+01
1.912188000000000102e+03 1.473796000000000049e+03 8.165193000000000438e+02 5.519433000000000220e+02 1.721553000000000111e+02 1.494808999999999912e+02 7.818294000000000210e+01 1.751260000000000048e+02 2.027283000000000168e+00 3.750472999999999946e+00
2.342368999999999915e+02 3.787120000000000175e+01 8.035057000000000471e+01 4.102129000000000048e+01 5.502512999999999721e+01 6.339157000000000153e+00 9.769942999999999600e+00 2.027283000000000168e+00 2.641704999999999970e+01 1.614028999999999936e+00
2.020285000000000082e+02 1.476973000000000127e+02 8.321411000000000513e+01 5.716351999999999833e+01 1.974455999999999989e+01 2.903107999999999933e+01 1.516757999999999917e+01 3.750472999999999946e+00 1.614028999999999936e+00 6.890812000000000381e+00
