# M_low [Msun/h] M_high[Msun/h] Number M_total[Msun/h]
1.287753000000000014e+01 1.306963000000000008e+01 1.489560000000000000e+05 1.382314000000000000e+18
1.306963000000000008e+01 1.326173999999999964e+01 8.048300000000000000e+04 1.161446000000000000e+18
1.326173999999999964e+01 1.345383999999999958e+01 4.191900000000000000e+04 9.374992000000000000e+17
1.345383999999999958e+01 1.364593999999999951e+01 2.009400000000000000e+04 6.979734000000000000e+17
1.364593999999999951e+01 1.383805000000000085e+01 8.651000000000000000e+03 4.659216000000000000e+17
1.383805000000000085e+01 1.403015000000000079e+01 3.369000000000000000e+03 2.808877000000000000e+17
1.403015000000000079e+01 1.422226000000000035e+01 1.120000000000000000e+03 1.445706000000000000e+17
1.422226000000000035e+01 1.441436000000000028e+01 2.830000000000000000e+02 5.654813000000000000e+16
1.441436000000000028e+01 1.460646000000000022e+01 4.900000000000000000e+01 1.541360000000000000e+16
1.460646000000000022e+01 1.479856999999999978e+01 1.000000000000000000e+01 4.876500000000000000e+15
