# M_low [Msun/h] M_high[Msun/h] Number M_total[Msun/h]
1.287753000000000014e+01 1.307473000000000063e+01 1.784050000000000000e+05 1.665010000000000000e+18
1.307473000000000063e+01 1.327192999999999934e+01 9.904600000000000000e+04 1.452648000000000000e+18
1.327192999999999934e+01 1.346912999999999982e+01 5.258900000000000000e+04 1.212752000000000000e+18
1.346912999999999982e+01 1.366633999999999993e+01 2.592800000000000000e+04 9.395112000000000000e+17
1.366633999999999993e+01 1.386354000000000042e+01 1.176200000000000000e+04 6.683192000000000000e+17
1.386354000000000042e+01 1.406073999999999913e+01 4.691000000000000000e+03 4.190030000000000000e+17
1.406073999999999913e+01 1.425793999999999961e+01 1.620000000000000000e+03 2.253966000000000000e+17
1.425793999999999961e+01 1.445514000000000010e+01 4.560000000000000000e+02 1.001843000000000000e+17
1.445514000000000010e+01 1.465235000000000021e+01 9.000000000000000000e+01 3.044352000000000000e+16
1.465235000000000021e+01 1.484955000000000069e+01 1.800000000000000000e+01 1.001086000000000000e+16
