# M_low [Msun/h] M_high[Msun/h] Number M_total[Msun/h]
1.287753000000000014e+01 1.295592000000000077e+01 2.940000000000000000e+02 2.410473000000000000e+15
1.295592000000000077e+01 1.303430999999999962e+01 1.660000000000000000e+02 1.635456000000000000e+15
1.303430999999999962e+01 1.311270000000000024e+01 9.900000000000000000e+01 1.151816000000000000e+15
1.311270000000000024e+01 1.319109000000000087e+01 3.700000000000000000e+01 5.225230000000000000e+14
1.319109000000000087e+01 1.326947999999999972e+01 1.900000000000000000e+01 3.193970000000000000e+14
1.326947999999999972e+01 1.334787000000000035e+01 1.000000000000000000e+00 1.915900000000000000e+13
1.334787000000000035e+01 1.342625999999999920e+01 2.000000000000000000e+00 4.872600000000000000e+13
1.342625999999999920e+01 1.350464999999999982e+01 4.000000000000000000e+00 1.151410000000000000e+14
1.358304000000000045e+01 1.366142999999999930e+01 1.000000000000000000e+00 3.880700000000000000e+13
