# M_low [Msun/h] M_high[Msun/h] Number M_total[Msun/h]
1.280926000000000009e+01 1.303027999999999942e+01 2.428300000000000000e+05 1.988896000000000000e+18
1.303027999999999942e+01 1.325130000000000052e+01 1.361210000000000000e+05 1.855555000000000000e+18
1.325130000000000052e+01 1.347231000000000023e+01 7.314300000000000000e+04 1.653641000000000000e+18
1.347231000000000023e+01 1.369332999999999956e+01 3.679500000000000000e+04 1.378212000000000000e+18
1.369332999999999956e+01 1.391435000000000066e+01 1.680200000000000000e+04 1.043499000000000000e+18
1.391435000000000066e+01 1.413536999999999999e+01 6.939000000000000000e+03 7.136540000000000000e+17
1.413536999999999999e+01 1.435638999999999932e+01 2.314000000000000000e+03 3.911600000000000000e+17
1.435638999999999932e+01 1.457741000000000042e+01 6.360000000000000000e+02 1.775035000000000000e+17
1.457741000000000042e+01 1.479842999999999975e+01 1.200000000000000000e+02 5.615010000000000000e+16
1.479842999999999975e+01 1.501945000000000086e+01 1.100000000000000000e+01 8.560470000000000000e+15
