# M_low [Msun/h] M_high[Msun/h] Number M_total[Msun/h]
1.280926000000000009e+01 1.296758999999999951e+01 6.403000000000000000e+04 4.881437000000000000e+17
1.296758999999999951e+01 1.312592000000000070e+01 3.554000000000000000e+04 3.901162000000000000e+17
1.312592000000000070e+01 1.328425000000000011e+01 1.824500000000000000e+04 2.878224000000000000e+17
1.328425000000000011e+01 1.344257999999999953e+01 8.651000000000000000e+03 1.958242000000000000e+17
1.344257999999999953e+01 1.360092000000000034e+01 3.836000000000000000e+03 1.246938000000000000e+17
1.360092000000000034e+01 1.375924999999999976e+01 1.493000000000000000e+03 6.957340000000000000e+16
1.375924999999999976e+01 1.391757999999999917e+01 4.930000000000000000e+02 3.298514000000000000e+16
1.391757999999999917e+01 1.407591000000000037e+01 1.480000000000000000e+02 1.439605000000000000e+16
1.407591000000000037e+01 1.423423999999999978e+01 4.200000000000000000e+01 5.717300000000000000e+15
1.423423999999999978e+01 1.439256999999999920e+01 7.000000000000000000e+00 1.386210000000000000e+15
