# M_low [Msun/h] M_high[Msun/h] Number M_total[Msun/h]
1.280926000000000009e+01 1.306011999999999951e+01 3.278780000000000000e+05 2.782271000000000000e+18
1.306011999999999951e+01 1.331099000000000032e+01 1.826980000000000000e+05 2.759496000000000000e+18
1.331099000000000032e+01 1.356184999999999974e+01 9.957900000000000000e+04 2.674821000000000000e+18
1.356184999999999974e+01 1.381272000000000055e+01 5.055700000000000000e+04 2.411996000000000000e+18
1.381272000000000055e+01 1.406358999999999959e+01 2.383000000000000000e+04 2.019366000000000000e+18
1.406358999999999959e+01 1.431445000000000078e+01 9.881000000000000000e+03 1.480997000000000000e+18
1.431445000000000078e+01 1.456531999999999982e+01 3.489000000000000000e+03 9.174266000000000000e+17
1.456531999999999982e+01 1.481619000000000064e+01 9.280000000000000000e+02 4.342722000000000000e+17
1.481619000000000064e+01 1.506705000000000005e+01 2.010000000000000000e+02 1.600390000000000000e+17
1.506705000000000005e+01 1.531792000000000087e+01 1.900000000000000000e+01 2.611150000000000000e+16
