1.424899000000000000e+06 7.679600000000000000e+05 4.537802999999999884e+05 2.890407999999999884e+05 1.445528999999999942e+05 7.319119000000000233e+04 2.895150000000000000e+04 9.294093000000000757e+03 1.144291999999999916e+03 2.167632999999999868e+02
7.679600000000000000e+05 6.100995000000000000e+05 2.872030999999999767e+05 1.828872000000000116e+05 9.246247999999999593e+04 4.602438999999999942e+04 1.906277999999999884e+04 5.413917000000000371e+03 7.817006999999999834e+02 1.586973000000000127e+02
4.537802999999999884e+05 2.872030999999999767e+05 2.382270000000000000e+05 1.074656000000000058e+05 5.614397000000000116e+04 2.864613999999999942e+04 1.229554999999999927e+04 3.652150000000000091e+03 5.061813000000000216e+02 8.935638000000000147e+01
2.890407999999999884e+05 1.828872000000000116e+05 1.074656000000000058e+05 1.045338999999999942e+05 3.759923999999999796e+04 1.717540999999999985e+04 7.769747999999999593e+03 2.294025999999999840e+03 2.047400000000000091e+02 5.323955999999999733e+01
1.445528999999999942e+05 9.246247999999999593e+04 5.614397000000000116e+04 3.759923999999999796e+04 3.268447000000000116e+04 9.051826999999999316e+03 4.130833999999999833e+03 1.259936999999999898e+03 9.156690000000000396e+01 4.052226000000000283e+01
7.319119000000000233e+04 4.602438999999999942e+04 2.864613999999999942e+04 1.717540999999999985e+04 9.051826999999999316e+03 1.139090999999999985e+04 1.874929000000000087e+03 5.857794000000000096e+02 1.364399999999999977e+02 -3.376205000000000123e+00
2.895150000000000000e+04 1.906277999999999884e+04 1.229554999999999927e+04 7.769747999999999593e+03 4.130833999999999833e+03 1.874929000000000087e+03 2.843240999999999985e+03 3.404821000000000026e+02 6.346175000000000210e+01 6.752411000000000385e+00
9.294093000000000757e+03 5.413917000000000371e+03 3.652150000000000091e+03 2.294025999999999840e+03 1.259936999999999898e+03 5.857794000000000096e+02 3.404821000000000026e+02 6.001925999999999704e+02 1.951649000000000100e+01 1.575042999999999971e+00
1.144291999999999916e+03 7.817006999999999834e+02 5.061813000000000216e+02 2.047400000000000091e+02 9.156690000000000396e+01 1.364399999999999977e+02 6.346175000000000210e+01 1.951649000000000100e+01 1.030404999999999944e+02 2.697845000000000049e+00
2.167632999999999868e+02 1.586973000000000127e+02 8.935638000000000147e+01 5.323955999999999733e+01 4.052226000000000283e+01 -3.376205000000000123e+00 6.752411000000000385e+00 1.575042999999999971e+00 2.697845000000000049e+00 1.169585999999999970e+01
