# M_low [Msun/h] M_high[Msun/h] Number M_total[Msun/h]
1.280926000000000009e+01 1.304684999999999917e+01 2.969930000000000000e+05 2.481310000000000000e+18
1.304684999999999917e+01 1.328444999999999965e+01 1.677300000000000000e+05 2.420763000000000000e+18
1.328444999999999965e+01 1.352204000000000050e+01 9.214900000000000000e+04 2.294878000000000000e+18
1.352204000000000050e+01 1.375962999999999958e+01 4.692000000000000000e+04 2.011947000000000000e+18
1.375962999999999958e+01 1.399723000000000006e+01 2.228000000000000000e+04 1.645170000000000000e+18
1.399723000000000006e+01 1.423481999999999914e+01 9.380000000000000000e+03 1.188460000000000000e+18
1.423481999999999914e+01 1.447241999999999962e+01 3.404000000000000000e+03 7.379516000000000000e+17
1.447241999999999962e+01 1.471001000000000047e+01 9.230000000000000000e+02 3.436384000000000000e+17
1.471001000000000047e+01 1.494760999999999918e+01 2.140000000000000000e+02 1.348248000000000000e+17
1.494760999999999918e+01 1.518520000000000003e+01 2.000000000000000000e+01 2.182363000000000000e+16
