# M_low [Msun/h] M_high[Msun/h] Number M_total[Msun/h]
1.280926000000000009e+01 1.302143000000000050e+01 2.142640000000000000e+05 1.736575000000000000e+18
1.302143000000000050e+01 1.323361000000000054e+01 1.202770000000000000e+05 1.590055000000000000e+18
1.323361000000000054e+01 1.344577999999999918e+01 6.376400000000000000e+04 1.371023000000000000e+18
1.344577999999999918e+01 1.365794999999999959e+01 3.190000000000000000e+04 1.113499000000000000e+18
1.365794999999999959e+01 1.387012999999999963e+01 1.435300000000000000e+04 8.136946000000000000e+17
1.387012999999999963e+01 1.408230000000000004e+01 5.947000000000000000e+03 5.454937000000000000e+17
1.408230000000000004e+01 1.429448000000000008e+01 1.930000000000000000e+03 2.861149000000000000e+17
1.429448000000000008e+01 1.450665000000000049e+01 5.300000000000000000e+02 1.279657000000000000e+17
1.450665000000000049e+01 1.471883000000000052e+01 9.800000000000000000e+01 3.819668000000000000e+16
1.471883000000000052e+01 1.493099999999999916e+01 1.200000000000000000e+01 7.592830000000000000e+15
