# M_low [Msun/h] M_high[Msun/h] Number M_total[Msun/h]
1.280926000000000009e+01 1.306916999999999973e+01 3.509610000000000000e+05 3.006145000000000000e+18
1.306916999999999973e+01 1.332906999999999975e+01 1.977150000000000000e+05 3.079230000000000000e+18
1.332906999999999975e+01 1.358897999999999939e+01 1.071810000000000000e+05 3.032369000000000000e+18
1.358897999999999939e+01 1.384889000000000081e+01 5.497800000000000000e+04 2.821785000000000000e+18
1.384889000000000081e+01 1.410880000000000045e+01 2.609000000000000000e+04 2.424227000000000000e+18
1.410880000000000045e+01 1.436871000000000009e+01 1.130400000000000000e+04 1.897112000000000000e+18
1.436871000000000009e+01 1.462861999999999973e+01 3.996000000000000000e+03 1.203229000000000000e+18
1.462861999999999973e+01 1.488851999999999975e+01 1.099000000000000000e+03 5.998454000000000000e+17
1.488851999999999975e+01 1.514842999999999940e+01 2.320000000000000000e+02 2.234256000000000000e+17
1.514842999999999940e+01 1.540834000000000081e+01 2.100000000000000000e+01 3.408270000000000000e+16
