# M_low [Msun/h] M_high[Msun/h] Number M_total[Msun/h]
1.280926000000000009e+01 1.307998000000000083e+01 3.830730000000000000e+05 3.327145000000000000e+18
1.307998000000000083e+01 1.335070999999999941e+01 2.149490000000000000e+05 3.483071000000000000e+18
1.335070999999999941e+01 1.362143000000000015e+01 1.193040000000000000e+05 3.593377000000000000e+18
1.362143000000000015e+01 1.389216000000000051e+01 6.275300000000000000e+04 3.518721000000000000e+18
1.389216000000000051e+01 1.416287999999999947e+01 3.079200000000000000e+04 3.208553000000000000e+18
1.416287999999999947e+01 1.443360999999999983e+01 1.391300000000000000e+04 2.685353000000000000e+18
1.443360999999999983e+01 1.470433000000000057e+01 5.246000000000000000e+03 1.865549000000000000e+18
1.470433000000000057e+01 1.497505999999999915e+01 1.569000000000000000e+03 1.029344000000000000e+18
1.497505999999999915e+01 1.524577999999999989e+01 3.580000000000000000e+02 4.325603000000000000e+17
1.524577999999999989e+01 1.551651000000000025e+01 4.700000000000000000e+01 1.056189000000000000e+17
