# M_low [Msun/h] M_high[Msun/h] Number M_total[Msun/h]
1.280926000000000009e+01 1.307224000000000075e+01 3.672530000000000000e+05 3.160566000000000000e+18
1.307224000000000075e+01 1.333521000000000001e+01 2.081930000000000000e+05 3.283359000000000000e+18
1.333521000000000001e+01 1.359819000000000067e+01 1.154650000000000000e+05 3.327772000000000000e+18
1.359819000000000067e+01 1.386116999999999955e+01 6.077900000000000000e+04 3.198779000000000000e+18
1.386116999999999955e+01 1.412415000000000020e+01 3.001900000000000000e+04 2.881501000000000000e+18
1.412415000000000020e+01 1.438713000000000086e+01 1.360700000000000000e+04 2.381367000000000000e+18
1.438713000000000086e+01 1.465010999999999974e+01 5.133000000000000000e+03 1.628431000000000000e+18
1.465010999999999974e+01 1.491309000000000040e+01 1.548000000000000000e+03 8.945739000000000000e+17
1.491309000000000040e+01 1.517606999999999928e+01 3.480000000000000000e+02 3.631487000000000000e+17
1.517606999999999928e+01 1.543904999999999994e+01 4.800000000000000000e+01 8.768120000000000000e+16
