# M_low [Msun/h] M_high[Msun/h] Number M_total[Msun/h]
1.280926000000000009e+01 1.303846000000000060e+01 2.708000000000000000e+05 2.242016000000000000e+18
1.303846000000000060e+01 1.326765999999999934e+01 1.512980000000000000e+05 2.123533000000000000e+18
1.326765999999999934e+01 1.349685999999999986e+01 8.281000000000000000e+04 1.963317000000000000e+18
1.349685999999999986e+01 1.372606000000000037e+01 4.188500000000000000e+04 1.675858000000000000e+18
1.372606000000000037e+01 1.395526000000000089e+01 1.953700000000000000e+04 1.322253000000000000e+18
1.395526000000000089e+01 1.418445999999999962e+01 8.106000000000000000e+03 9.241761000000000000e+17
1.418445999999999962e+01 1.441366000000000014e+01 2.840000000000000000e+03 5.428299000000000000e+17
1.441366000000000014e+01 1.464286000000000065e+01 7.970000000000000000e+02 2.547582000000000000e+17
1.464286000000000065e+01 1.487205999999999939e+01 1.480000000000000000e+02 8.053182000000000000e+16
1.487205999999999939e+01 1.510126999999999953e+01 1.800000000000000000e+01 1.603035000000000000e+16
