# M_low [Msun/h] M_high[Msun/h] Number M_total[Msun/h]
1.280926000000000009e+01 1.292919000000000018e+01 1.052400000000000000e+04 7.691918000000000000e+16
1.292919000000000018e+01 1.304912999999999990e+01 5.438000000000000000e+03 5.242177000000000000e+16
1.304912999999999990e+01 1.316905999999999999e+01 2.727000000000000000e+03 3.449546000000000000e+16
1.316905999999999999e+01 1.328899000000000008e+01 1.264000000000000000e+03 2.113573000000000000e+16
1.328899000000000008e+01 1.340892999999999979e+01 5.130000000000000000e+02 1.123808000000000000e+16
1.340892999999999979e+01 1.352885999999999989e+01 1.810000000000000000e+02 5.212935000000000000e+15
1.352885999999999989e+01 1.364879999999999960e+01 8.800000000000000000e+01 3.364621000000000000e+15
1.364879999999999960e+01 1.376872999999999969e+01 2.400000000000000000e+01 1.205827000000000000e+15
1.376872999999999969e+01 1.388866999999999940e+01 9.000000000000000000e+00 6.225410000000000000e+14
1.388866999999999940e+01 1.400859999999999950e+01 1.000000000000000000e+00 8.662800000000000000e+13
