# M_low [Msun/h] M_high[Msun/h] Number M_total[Msun/h]
1.285771000000000086e+01 1.303051999999999921e+01 7.463200000000000000e+04 6.460077000000000000e+17
1.303051999999999921e+01 1.320332999999999934e+01 3.908100000000000000e+04 5.035549000000000000e+17
1.320332999999999934e+01 1.337613999999999947e+01 1.884500000000000000e+04 3.602050000000000000e+17
1.337613999999999947e+01 1.354894999999999960e+01 8.205000000000000000e+03 2.326264000000000000e+17
1.354894999999999960e+01 1.372175999999999974e+01 3.230000000000000000e+03 1.357860000000000000e+17
1.372175999999999974e+01 1.389457999999999949e+01 1.122000000000000000e+03 6.970158000000000000e+16
1.389457999999999949e+01 1.406738999999999962e+01 3.210000000000000000e+02 2.978999000000000000e+16
1.406738999999999962e+01 1.424019999999999975e+01 7.900000000000000000e+01 1.048441000000000000e+16
1.424019999999999975e+01 1.441300999999999988e+01 1.900000000000000000e+01 3.909830000000000000e+15
1.441300999999999988e+01 1.458582000000000001e+01 3.000000000000000000e+00 8.753100000000000000e+14
