# M_low [Msun/h] M_high[Msun/h] Number M_total[Msun/h]
1.285771000000000086e+01 1.308131000000000022e+01 2.307740000000000000e+05 2.118757000000000000e+18
1.308131000000000022e+01 1.330490999999999957e+01 1.262050000000000000e+05 1.936937000000000000e+18
1.330490999999999957e+01 1.352852000000000032e+01 6.497500000000000000e+04 1.663767000000000000e+18
1.352852000000000032e+01 1.375211999999999968e+01 3.096100000000000000e+04 1.323512000000000000e+18
1.375211999999999968e+01 1.397572000000000081e+01 1.334000000000000000e+04 9.482332000000000000e+17
1.397572000000000081e+01 1.419932000000000016e+01 4.868000000000000000e+03 5.738886000000000000e+17
1.419932000000000016e+01 1.442292999999999914e+01 1.437000000000000000e+03 2.825088000000000000e+17
1.442292999999999914e+01 1.464653000000000027e+01 3.290000000000000000e+02 1.065778000000000000e+17
1.464653000000000027e+01 1.487012999999999963e+01 4.500000000000000000e+01 2.430425000000000000e+16
1.487012999999999963e+01 1.509374000000000038e+01 5.000000000000000000e+00 4.278550000000000000e+15
