# M_low [Msun/h] M_high[Msun/h] Number M_total[Msun/h]
1.285771000000000086e+01 1.313263000000000069e+01 3.907200000000000000e+05 3.810165000000000000e+18
1.313263000000000069e+01 1.340756000000000014e+01 2.198110000000000000e+05 4.039299000000000000e+18
1.340756000000000014e+01 1.368248999999999960e+01 1.209950000000000000e+05 4.178676000000000000e+18
1.368248999999999960e+01 1.395742000000000083e+01 6.366000000000000000e+04 4.133813000000000000e+18
1.395742000000000083e+01 1.423234000000000066e+01 3.089700000000000000e+04 3.755666000000000000e+18
1.423234000000000066e+01 1.450727000000000011e+01 1.377300000000000000e+04 3.130665000000000000e+18
1.450727000000000011e+01 1.478219999999999956e+01 5.196000000000000000e+03 2.204115000000000000e+18
1.478219999999999956e+01 1.505713000000000079e+01 1.493000000000000000e+03 1.174396000000000000e+18
1.505713000000000079e+01 1.533206000000000024e+01 2.530000000000000000e+02 3.711405000000000000e+17
1.533206000000000024e+01 1.560698000000000008e+01 2.800000000000000000e+01 7.116570000000000000e+16
