# M_low [Msun/h] M_high[Msun/h] Number M_total[Msun/h]
1.285771000000000086e+01 1.308386999999999922e+01 2.544330000000000000e+05 2.343009000000000000e+18
1.308386999999999922e+01 1.331004000000000076e+01 1.423780000000000000e+05 2.207024000000000000e+18
1.331004000000000076e+01 1.353619999999999912e+01 7.566300000000000000e+04 1.969091000000000000e+18
1.353619999999999912e+01 1.376237000000000066e+01 3.744300000000000000e+04 1.635617000000000000e+18
1.376237000000000066e+01 1.398853000000000080e+01 1.672800000000000000e+04 1.224438000000000000e+18
1.398853000000000080e+01 1.421470000000000056e+01 6.590000000000000000e+03 8.062840000000000000e+17
1.421470000000000056e+01 1.444086000000000070e+01 2.071000000000000000e+03 4.220873000000000000e+17
1.444086000000000070e+01 1.466703000000000046e+01 5.610000000000000000e+02 1.882337000000000000e+17
1.466703000000000046e+01 1.489319000000000059e+01 9.200000000000000000e+01 5.130407000000000000e+16
1.489319000000000059e+01 1.511935000000000073e+01 1.000000000000000000e+01 9.144920000000000000e+15
