# M_low [Msun/h] M_high[Msun/h] Number M_total[Msun/h]
1.285771000000000086e+01 1.311511999999999922e+01 3.406730000000000000e+05 3.251683000000000000e+18
1.311511999999999922e+01 1.337252999999999936e+01 1.892860000000000000e+05 3.269575000000000000e+18
1.337252999999999936e+01 1.362993999999999950e+01 1.008950000000000000e+05 3.144094000000000000e+18
1.362993999999999950e+01 1.388734999999999964e+01 5.093500000000000000e+04 2.859565000000000000e+18
1.388734999999999964e+01 1.414475999999999978e+01 2.335300000000000000e+04 2.360245000000000000e+18
1.414475999999999978e+01 1.440216999999999992e+01 9.387000000000000000e+03 1.705997000000000000e+18
1.440216999999999992e+01 1.465958000000000006e+01 3.097000000000000000e+03 1.009515000000000000e+18
1.465958000000000006e+01 1.491699000000000019e+01 7.530000000000000000e+02 4.345705000000000000e+17
1.491699000000000019e+01 1.517440000000000033e+01 9.900000000000000000e+01 9.830928000000000000e+16
1.517440000000000033e+01 1.543181000000000047e+01 1.000000000000000000e+01 1.724440000000000000e+16
