# M_low [Msun/h] M_high[Msun/h] Number M_total[Msun/h]
1.285771000000000086e+01 1.309298000000000073e+01 2.821930000000000000e+05 2.627259000000000000e+18
1.309298000000000073e+01 1.332823999999999920e+01 1.584650000000000000e+05 2.535660000000000000e+18
1.332823999999999920e+01 1.356351000000000084e+01 8.487300000000000000e+04 2.327971000000000000e+18
1.356351000000000084e+01 1.379878000000000071e+01 4.250400000000000000e+04 1.998170000000000000e+18
1.379878000000000071e+01 1.403405000000000058e+01 1.916200000000000000e+04 1.538879000000000000e+18
1.403405000000000058e+01 1.426932000000000045e+01 7.661000000000000000e+03 1.052686000000000000e+18
1.426932000000000045e+01 1.450459000000000032e+01 2.501000000000000000e+03 5.837327000000000000e+17
1.450459000000000032e+01 1.473986000000000018e+01 6.360000000000000000e+02 2.506876000000000000e+17
1.473986000000000018e+01 1.497513000000000005e+01 1.040000000000000000e+02 6.928192000000000000e+16
1.497513000000000005e+01 1.521039999999999992e+01 9.000000000000000000e+00 1.042587000000000000e+16
