# M_low [Msun/h] M_high[Msun/h] Number M_total[Msun/h]
1.285771000000000086e+01 1.298821000000000048e+01 1.321200000000000000e+04 1.090973000000000000e+17
1.298821000000000048e+01 1.311871000000000009e+01 6.394000000000000000e+03 7.131347000000000000e+16
1.311871000000000009e+01 1.324921999999999933e+01 3.045000000000000000e+03 4.578988000000000000e+16
1.324921999999999933e+01 1.337972000000000072e+01 1.303000000000000000e+03 2.638914000000000000e+16
1.337972000000000072e+01 1.351022000000000034e+01 5.120000000000000000e+02 1.406558000000000000e+16
1.351022000000000034e+01 1.364072999999999958e+01 1.780000000000000000e+02 6.536816000000000000e+15
1.364072999999999958e+01 1.377122999999999919e+01 6.100000000000000000e+01 3.011977000000000000e+15
1.377122999999999919e+01 1.390174000000000021e+01 2.400000000000000000e+01 1.543966000000000000e+15
1.390174000000000021e+01 1.403223999999999982e+01 4.000000000000000000e+00 3.841930000000000000e+14
1.403223999999999982e+01 1.416273999999999944e+01 1.000000000000000000e+00 1.207400000000000000e+14
