# M_low [Msun/h] M_high[Msun/h] Number M_total[Msun/h]
1.285771000000000086e+01 1.310486000000000040e+01 3.137700000000000000e+05 2.961560000000000000e+18
1.310486000000000040e+01 1.335200000000000031e+01 1.738570000000000000e+05 2.901291000000000000e+18
1.335200000000000031e+01 1.359914999999999985e+01 9.282400000000000000e+04 2.727917000000000000e+18
1.359914999999999985e+01 1.384629999999999939e+01 4.648400000000000000e+04 2.403262000000000000e+18
1.384629999999999939e+01 1.409345000000000070e+01 2.112800000000000000e+04 1.918991000000000000e+18
1.409345000000000070e+01 1.434060000000000024e+01 8.425000000000000000e+03 1.348345000000000000e+18
1.434060000000000024e+01 1.458774999999999977e+01 2.703000000000000000e+03 7.549646000000000000e+17
1.458774999999999977e+01 1.483489999999999931e+01 6.770000000000000000e+02 3.255170000000000000e+17
1.483489999999999931e+01 1.508205000000000062e+01 9.100000000000000000e+01 7.570192000000000000e+16
1.508205000000000062e+01 1.532919000000000054e+01 7.000000000000000000e+00 1.081850000000000000e+16
