# M_low [Msun/h] M_high[Msun/h] Number M_total[Msun/h]
1.285771000000000086e+01 1.312541000000000047e+01 3.654680000000000000e+05 3.531696000000000000e+18
1.312541000000000047e+01 1.339311999999999969e+01 2.024180000000000000e+05 3.625295000000000000e+18
1.339311999999999969e+01 1.366083000000000069e+01 1.083950000000000000e+05 3.583115000000000000e+18
1.366083000000000069e+01 1.392853999999999992e+01 5.509700000000000000e+04 3.361222000000000000e+18
1.392853999999999992e+01 1.419624999999999915e+01 2.534900000000000000e+04 2.851609000000000000e+18
1.419624999999999915e+01 1.446395000000000053e+01 1.044100000000000000e+04 2.153227000000000000e+18
1.446395000000000053e+01 1.473165999999999976e+01 3.497000000000000000e+03 1.331488000000000000e+18
1.473165999999999976e+01 1.499937000000000076e+01 8.380000000000000000e+02 5.735277000000000000e+17
1.499937000000000076e+01 1.526707999999999998e+01 1.220000000000000000e+02 1.513272000000000000e+17
1.526707999999999998e+01 1.553478999999999921e+01 8.000000000000000000e+00 1.681690000000000000e+16
