# M_low [Msun/h] M_high[Msun/h] Number M_total[Msun/h]
1.285771000000000086e+01 1.312967000000000084e+01 3.823840000000000000e+05 3.716872000000000000e+18
1.312967000000000084e+01 1.340163000000000082e+01 2.125170000000000000e+05 3.865709000000000000e+18
1.340163000000000082e+01 1.367360000000000042e+01 1.163140000000000000e+05 3.943777000000000000e+18
1.367360000000000042e+01 1.394556000000000040e+01 6.066000000000000000e+04 3.840214000000000000e+18
1.394556000000000040e+01 1.421752000000000038e+01 2.862700000000000000e+04 3.373144000000000000e+18
1.421752000000000038e+01 1.448948999999999998e+01 1.251100000000000000e+04 2.732639000000000000e+18
1.448948999999999998e+01 1.476144999999999996e+01 4.461000000000000000e+03 1.809332000000000000e+18
1.476144999999999996e+01 1.503341999999999956e+01 1.229000000000000000e+03 9.149314000000000000e+17
1.503341999999999956e+01 1.530537999999999954e+01 1.930000000000000000e+02 2.695365000000000000e+17
1.530537999999999954e+01 1.557733999999999952e+01 1.300000000000000000e+01 3.210170000000000000e+16
