# M_low [Msun/h] M_high[Msun/h] Number M_total[Msun/h]
1.280831000000000053e+01 1.308338999999999963e+01 3.667330000000000000e+05 3.188929000000000000e+18
1.308338999999999963e+01 1.335847000000000051e+01 2.033730000000000000e+05 3.330641000000000000e+18
1.335847000000000051e+01 1.363354999999999961e+01 1.099490000000000000e+05 3.386454000000000000e+18
1.363354999999999961e+01 1.390863000000000049e+01 5.612700000000000000e+04 3.248769000000000000e+18
1.390863000000000049e+01 1.418371999999999922e+01 2.668900000000000000e+04 2.894368000000000000e+18
1.418371999999999922e+01 1.445880000000000010e+01 1.151500000000000000e+04 2.340079000000000000e+18
1.445880000000000010e+01 1.473387999999999920e+01 3.974000000000000000e+03 1.496066000000000000e+18
1.473387999999999920e+01 1.500896000000000008e+01 1.059000000000000000e+03 7.415266000000000000e+17
1.500896000000000008e+01 1.528405000000000058e+01 2.010000000000000000e+02 2.596532000000000000e+17
1.528405000000000058e+01 1.555912999999999968e+01 1.900000000000000000e+01 4.235390000000000000e+16
