# M_low [Msun/h] M_high[Msun/h] Number M_total[Msun/h]
1.280831000000000053e+01 1.309098999999999968e+01 3.860750000000000000e+05 3.389318000000000000e+18
1.309098999999999968e+01 1.337368000000000023e+01 2.163180000000000000e+05 3.645132000000000000e+18
1.337368000000000023e+01 1.365635999999999939e+01 1.190130000000000000e+05 3.834753000000000000e+18
1.365635999999999939e+01 1.393904999999999994e+01 6.287600000000000000e+04 3.872748000000000000e+18
1.393904999999999994e+01 1.422173000000000087e+01 3.126300000000000000e+04 3.674855000000000000e+18
1.422173000000000087e+01 1.450441999999999965e+01 1.439800000000000000e+04 3.241979000000000000e+18
1.450441999999999965e+01 1.478711000000000020e+01 5.492000000000000000e+03 2.323336000000000000e+18
1.478711000000000020e+01 1.506978999999999935e+01 1.689000000000000000e+03 1.364723000000000000e+18
1.506978999999999935e+01 1.535247999999999990e+01 3.570000000000000000e+02 5.415055000000000000e+17
1.535247999999999990e+01 1.563516000000000084e+01 4.500000000000000000e+01 1.236233000000000000e+17
