# M_low [Msun/h] M_high[Msun/h] Number M_total[Msun/h]
1.280831000000000053e+01 1.294087999999999994e+01 1.719400000000000000e+04 1.270465000000000000e+17
1.294087999999999994e+01 1.307344999999999935e+01 8.882000000000000000e+03 8.914016000000000000e+16
1.307344999999999935e+01 1.320602000000000054e+01 4.285000000000000000e+03 5.813258000000000000e+16
1.320602000000000054e+01 1.333858999999999995e+01 1.909000000000000000e+03 3.525396000000000000e+16
1.333858999999999995e+01 1.347115999999999936e+01 7.840000000000000000e+02 1.946145000000000000e+16
1.347115999999999936e+01 1.360373000000000054e+01 2.800000000000000000e+02 9.356752000000000000e+15
1.360373000000000054e+01 1.373629999999999995e+01 9.600000000000000000e+01 4.344791000000000000e+15
1.373629999999999995e+01 1.386888000000000076e+01 2.800000000000000000e+01 1.748276000000000000e+15
1.386888000000000076e+01 1.400145000000000017e+01 5.000000000000000000e+00 4.118980000000000000e+14
1.400145000000000017e+01 1.413401999999999958e+01 1.000000000000000000e+00 1.003600000000000000e+14
