# M_low [Msun/h] M_high[Msun/h] Number M_total[Msun/h]
1.280831000000000053e+01 1.307933000000000057e+01 3.529330000000000000e+05 3.055236000000000000e+18
1.307933000000000057e+01 1.335036000000000023e+01 1.928610000000000000e+05 3.113387000000000000e+18
1.335036000000000023e+01 1.362138999999999989e+01 1.026740000000000000e+05 3.086527000000000000e+18
1.362138999999999989e+01 1.389241999999999955e+01 5.101900000000000000e+04 2.854807000000000000e+18
1.389241999999999955e+01 1.416344999999999921e+01 2.354000000000000000e+04 2.445816000000000000e+18
1.416344999999999921e+01 1.443448000000000064e+01 9.431000000000000000e+03 1.809794000000000000e+18
1.443448000000000064e+01 1.470551000000000030e+01 3.090000000000000000e+03 1.088491000000000000e+18
1.470551000000000030e+01 1.497653999999999996e+01 7.520000000000000000e+02 4.906110000000000000e+17
1.497653999999999996e+01 1.524756000000000000e+01 1.210000000000000000e+02 1.468983000000000000e+17
1.524756000000000000e+01 1.551858999999999966e+01 8.000000000000000000e+00 1.609590000000000000e+16
