# M_low [Msun/h] M_high[Msun/h] Number M_total[Msun/h]
1.280831000000000053e+01 1.307005000000000017e+01 3.302800000000000000e+05 2.828998000000000000e+18
1.307005000000000017e+01 1.333179999999999943e+01 1.806280000000000000e+05 2.824097000000000000e+18
1.333179999999999943e+01 1.359355000000000047e+01 9.547900000000000000e+04 2.721245000000000000e+18
1.359355000000000047e+01 1.385529999999999973e+01 4.693400000000000000e+04 2.435968000000000000e+18
1.385529999999999973e+01 1.411705000000000076e+01 2.136200000000000000e+04 2.013496000000000000e+18
1.411705000000000076e+01 1.437880000000000003e+01 8.322000000000000000e+03 1.418397000000000000e+18
1.437880000000000003e+01 1.464054999999999929e+01 2.677000000000000000e+03 8.261093000000000000e+17
1.464054999999999929e+01 1.490230000000000032e+01 6.380000000000000000e+02 3.537739000000000000e+17
1.490230000000000032e+01 1.516404999999999959e+01 8.800000000000000000e+01 8.835946000000000000e+16
1.516404999999999959e+01 1.542578999999999922e+01 6.000000000000000000e+00 1.027280000000000000e+16
