2.523319000000000000e+06 1.385714000000000000e+06 8.425958000000000466e+05 4.845890000000000000e+05 2.571020000000000000e+05 1.159310000000000000e+05 5.600026999999999680e+04 1.350272999999999956e+04 3.315635999999999967e+03 4.646220000000000141e+02
1.385714000000000000e+06 1.067578000000000000e+06 5.409455000000000000e+05 3.116642000000000116e+05 1.710672999999999884e+05 7.777022999999999593e+04 3.555409999999999854e+04 7.733444000000000415e+03 1.980685999999999922e+03 2.637495000000000118e+02
8.425958000000000466e+05 5.409455000000000000e+05 4.179519000000000233e+05 1.918845000000000000e+05 1.082066999999999971e+05 4.687455000000000291e+04 2.098449000000000160e+04 5.251936999999999898e+03 1.301999000000000024e+03 2.047049000000000092e+02
4.845890000000000000e+05 3.116642000000000116e+05 1.918845000000000000e+05 1.628268999999999942e+05 6.324508000000000175e+04 2.771193000000000029e+04 1.185863999999999942e+04 2.957048999999999978e+03 5.351713999999999487e+02 7.185157999999999845e+01
2.571020000000000000e+05 1.710672999999999884e+05 1.082066999999999971e+05 6.324508000000000175e+04 5.526447000000000116e+04 1.533204999999999927e+04 6.779182999999999993e+03 1.854317000000000007e+03 2.329504000000000019e+02 6.753190999999999633e+01
1.159310000000000000e+05 7.777022999999999593e+04 4.687455000000000291e+04 2.771193000000000029e+04 1.533204999999999927e+04 1.537489999999999964e+04 3.216996999999999844e+03 5.309687000000000126e+02 1.663307000000000073e+02 2.642484999999999928e+01
5.600026999999999680e+04 3.555409999999999854e+04 2.098449000000000160e+04 1.185863999999999942e+04 6.779182999999999993e+03 3.216996999999999844e+03 3.930572000000000116e+03 3.754723000000000184e+02 9.869747999999999877e+01 1.659643000000000157e+01
1.350272999999999956e+04 7.733444000000000415e+03 5.251936999999999898e+03 2.957048999999999978e+03 1.854317000000000007e+03 5.309687000000000126e+02 3.754723000000000184e+02 8.034198999999999842e+02 2.130206000000000088e+01 4.514603000000000144e+00
3.315635999999999967e+03 1.980685999999999922e+03 1.301999000000000024e+03 5.351713999999999487e+02 2.329504000000000019e+02 1.663307000000000073e+02 9.869747999999999877e+01 2.130206000000000088e+01 1.006779999999999973e+02 4.959044999999999703e+00
4.646220000000000141e+02 2.637495000000000118e+02 2.047049000000000092e+02 7.185157999999999845e+01 6.753190999999999633e+01 2.642484999999999928e+01 1.659643000000000157e+01 4.514603000000000144e+00 4.959044999999999703e+00 5.918105999999999867e+00
