# M_low [Msun/h] M_high[Msun/h] Number M_total[Msun/h]
1.280831000000000053e+01 1.308836999999999939e+01 3.797340000000000000e+05 3.325123000000000000e+18
1.308836999999999939e+01 1.336843000000000004e+01 2.114780000000000000e+05 3.531387000000000000e+18
1.336843000000000004e+01 1.364849000000000068e+01 1.154850000000000000e+05 3.666096000000000000e+18
1.364849000000000068e+01 1.392854999999999954e+01 6.023600000000000000e+04 3.629933000000000000e+18
1.392854999999999954e+01 1.420861000000000018e+01 2.956400000000000000e+04 3.377149000000000000e+18
1.420861000000000018e+01 1.448867000000000083e+01 1.321000000000000000e+04 2.868022000000000000e+18
1.448867000000000083e+01 1.476872999999999969e+01 4.876000000000000000e+03 1.976142000000000000e+18
1.476872999999999969e+01 1.504879000000000033e+01 1.407000000000000000e+03 1.086517000000000000e+18
1.504879000000000033e+01 1.532884999999999920e+01 2.810000000000000000e+02 4.022288000000000000e+17
1.532884999999999920e+01 1.560890999999999984e+01 3.100000000000000000e+01 7.990750000000000000e+16
