# M_low [Msun/h] M_high[Msun/h] Number M_total[Msun/h]
1.280831000000000053e+01 1.303411000000000008e+01 2.643400000000000000e+05 2.175896000000000000e+18
1.303411000000000008e+01 1.325990999999999964e+01 1.503390000000000000e+05 2.079590000000000000e+18
1.325990999999999964e+01 1.348570999999999920e+01 8.254000000000000000e+04 1.917785000000000000e+18
1.348570999999999920e+01 1.371151000000000053e+01 4.254800000000000000e+04 1.656274000000000000e+18
1.371151000000000053e+01 1.393731999999999971e+01 2.036300000000000000e+04 1.326768000000000000e+18
1.393731999999999971e+01 1.416311999999999927e+01 8.749000000000000000e+03 9.511314000000000000e+17
1.416311999999999927e+01 1.438892000000000060e+01 3.228000000000000000e+03 5.880629000000000000e+17
1.438892000000000060e+01 1.461472000000000016e+01 8.740000000000000000e+02 2.652015000000000000e+17
1.461472000000000016e+01 1.484051999999999971e+01 2.240000000000000000e+02 1.118426000000000000e+17
1.484051999999999971e+01 1.506633000000000067e+01 2.500000000000000000e+01 2.111325000000000000e+16
