# M_low [Msun/h] M_high[Msun/h] Number M_total[Msun/h]
1.280831000000000053e+01 1.302839999999999954e+01 2.404940000000000000e+05 1.964120000000000000e+18
1.302839999999999954e+01 1.324849000000000032e+01 1.357720000000000000e+05 1.841172000000000000e+18
1.324849000000000032e+01 1.346859000000000073e+01 7.274800000000000000e+04 1.635967000000000000e+18
1.346859000000000073e+01 1.368867999999999974e+01 3.675600000000000000e+04 1.364794000000000000e+18
1.368867999999999974e+01 1.390877000000000052e+01 1.722900000000000000e+04 1.058297000000000000e+18
1.390877000000000052e+01 1.412886999999999915e+01 7.191000000000000000e+03 7.283109000000000000e+17
1.412886999999999915e+01 1.434895999999999994e+01 2.414000000000000000e+03 4.019264000000000000e+17
1.434895999999999994e+01 1.456905000000000072e+01 6.850000000000000000e+02 1.895295000000000000e+17
1.456905000000000072e+01 1.478914999999999935e+01 1.560000000000000000e+02 6.896749000000000000e+16
1.478914999999999935e+01 1.500924000000000014e+01 1.700000000000000000e+01 1.275658000000000000e+16
