1.766638000000000000e+06 1.005888000000000000e+06 6.343783000000000466e+05 3.648080999999999767e+05 2.060476000000000058e+05 1.093750000000000000e+05 4.891518000000000029e+04 1.744122999999999956e+04 3.699010999999999967e+03 7.153735000000000355e+02
1.005888000000000000e+06 7.953308000000000466e+05 4.172324000000000233e+05 2.382768999999999942e+05 1.362022999999999884e+05 6.888380999999999767e+04 3.132429000000000087e+04 1.066476000000000022e+04 2.066643000000000029e+03 3.675092999999999961e+02
6.343783000000000466e+05 4.172324000000000233e+05 3.526290999999999767e+05 1.563650000000000000e+05 8.925002000000000407e+04 4.454333999999999651e+04 2.027840999999999985e+04 7.362233000000000175e+03 1.554708000000000084e+03 2.771841000000000008e+02
3.648080999999999767e+05 2.382768999999999942e+05 1.563650000000000000e+05 1.364936000000000058e+05 5.132044999999999709e+04 2.785491999999999825e+04 1.266037999999999920e+04 3.597195000000000164e+03 9.553804000000000087e+02 1.132393000000000001e+02
2.060476000000000058e+05 1.362022999999999884e+05 8.925002000000000407e+04 5.132044999999999709e+04 4.908022000000000116e+04 1.475340999999999985e+04 6.856230999999999767e+03 2.422981000000000222e+03 5.061969000000000278e+02 1.324536999999999978e+02
1.093750000000000000e+05 6.888380999999999767e+04 4.454333999999999651e+04 2.785491999999999825e+04 1.475340999999999985e+04 1.633507999999999993e+04 3.974510999999999967e+03 1.336567999999999984e+03 1.799602999999999895e+02 8.164296000000000220e+01
4.891518000000000029e+04 3.132429000000000087e+04 2.027840999999999985e+04 1.266037999999999920e+04 6.856230999999999767e+03 3.974510999999999967e+03 4.870936999999999898e+03 5.077096000000000231e+02 1.823931000000000040e+02 2.732932999999999879e+01
1.744122999999999956e+04 1.066476000000000022e+04 7.362233000000000175e+03 3.597195000000000164e+03 2.422981000000000222e+03 1.336567999999999984e+03 5.077096000000000231e+02 1.131839999999999918e+03 7.148511000000000593e+01 5.313819999999999766e+00
3.699010999999999967e+03 2.066643000000000029e+03 1.554708000000000084e+03 9.553804000000000087e+02 5.061969000000000278e+02 1.799602999999999895e+02 1.823931000000000040e+02 7.148511000000000593e+01 2.594922000000000253e+02 5.052611999999999881e+00
7.153735000000000355e+02 3.675092999999999961e+02 2.771841000000000008e+02 1.132393000000000001e+02 1.324536999999999978e+02 8.164296000000000220e+01 2.732932999999999879e+01 5.313819999999999766e+00 5.052611999999999881e+00 2.572895000000000110e+01
