# M_low [Msun/h] M_high[Msun/h] Number M_total[Msun/h]
1.280831000000000053e+01 1.305054999999999943e+01 2.968830000000000000e+05 2.490073000000000000e+18
1.305054999999999943e+01 1.329279999999999973e+01 1.656580000000000000e+05 2.424751000000000000e+18
1.329279999999999973e+01 1.353504000000000040e+01 8.980200000000000000e+04 2.291562000000000000e+18
1.353504000000000040e+01 1.377729000000000070e+01 4.533500000000000000e+04 2.014777000000000000e+18
1.377729000000000070e+01 1.401952999999999960e+01 2.126500000000000000e+04 1.643054000000000000e+18
1.401952999999999960e+01 1.426177999999999990e+01 8.647000000000000000e+03 1.154882000000000000e+18
1.426177999999999990e+01 1.450402000000000058e+01 3.099000000000000000e+03 7.174694000000000000e+17
1.450402000000000058e+01 1.474627000000000088e+01 8.010000000000000000e+02 3.223026000000000000e+17
1.474627000000000088e+01 1.498850999999999978e+01 1.460000000000000000e+02 9.938005000000000000e+16
1.498850999999999978e+01 1.523076000000000008e+01 1.700000000000000000e+01 1.978519000000000000e+16
