# M_low [Msun/h] M_high[Msun/h] Number M_total[Msun/h]
1.280831000000000053e+01 1.298855999999999966e+01 8.844400000000000000e+04 6.891496000000000000e+17
1.298855999999999966e+01 1.316882000000000019e+01 4.671900000000000000e+04 5.503179000000000000e+17
1.316882000000000019e+01 1.334908000000000072e+01 2.241400000000000000e+04 3.991585000000000000e+17
1.334908000000000072e+01 1.352932999999999986e+01 1.014800000000000000e+04 2.728038000000000000e+17
1.352932999999999986e+01 1.370959000000000039e+01 4.080000000000000000e+03 1.653534000000000000e+17
1.370959000000000039e+01 1.388984999999999914e+01 1.382000000000000000e+03 8.427916000000000000e+16
1.388984999999999914e+01 1.407010000000000005e+01 3.930000000000000000e+02 3.596844000000000000e+16
1.407010000000000005e+01 1.425036000000000058e+01 9.200000000000000000e+01 1.298690000000000000e+16
1.425036000000000058e+01 1.443061999999999934e+01 1.600000000000000000e+01 3.369830000000000000e+15
