# M_low [Msun/h] M_high[Msun/h] Number M_total[Msun/h]
1.284165999999999919e+01 1.310013999999999967e+01 3.357270000000000000e+05 3.093753000000000000e+18
1.310013999999999967e+01 1.335861000000000054e+01 1.880170000000000000e+05 3.142379000000000000e+18
1.335861000000000054e+01 1.361708999999999925e+01 1.023910000000000000e+05 3.096204000000000000e+18
1.361708999999999925e+01 1.387556000000000012e+01 5.266000000000000000e+04 2.876767000000000000e+18
1.387556000000000012e+01 1.413404000000000060e+01 2.500100000000000000e+04 2.472069000000000000e+18
1.413404000000000060e+01 1.439250999999999969e+01 1.061800000000000000e+04 1.879243000000000000e+18
1.439250999999999969e+01 1.465099000000000018e+01 3.890000000000000000e+03 1.233179000000000000e+18
1.465099000000000018e+01 1.490945999999999927e+01 1.002000000000000000e+03 5.729306000000000000e+17
1.490945999999999927e+01 1.516793999999999976e+01 1.880000000000000000e+02 1.915901000000000000e+17
1.516793999999999976e+01 1.542641000000000062e+01 2.600000000000000000e+01 4.379040000000000000e+16
