2.026366000000000000e+06 1.139326000000000000e+06 7.083325999999999767e+05 4.352500999999999767e+05 2.665810999999999767e+05 1.311350000000000000e+05 6.767914999999999418e+04 2.243827999999999884e+04 5.217085000000000036e+03 2.376835000000000036e+03
1.139326000000000000e+06 9.319920999999999767e+05 4.661777000000000116e+05 2.842870000000000000e+05 1.801997000000000116e+05 8.427164999999999418e+04 4.392616000000000349e+04 1.377104999999999927e+04 3.800500000000000000e+03 1.323472999999999956e+03
7.083325999999999767e+05 4.661777000000000116e+05 3.789400000000000000e+05 1.836083999999999942e+05 1.126116999999999971e+05 5.240654000000000087e+04 2.750920000000000073e+04 9.223138000000000829e+03 2.150867000000000189e+03 7.088179999999999836e+02
4.352500999999999767e+05 2.842870000000000000e+05 1.836083999999999942e+05 1.626261000000000058e+05 6.996152000000000407e+04 3.183222999999999956e+04 1.550113999999999942e+04 6.668823999999999614e+03 1.579607999999999947e+03 5.590193000000000438e+02
2.665810999999999767e+05 1.801997000000000116e+05 1.126116999999999971e+05 6.996152000000000407e+04 6.876941000000000349e+04 2.138052000000000044e+04 1.115482999999999993e+04 3.496032999999999902e+03 8.903631000000000313e+02 2.806578000000000088e+02
1.311350000000000000e+05 8.427164999999999418e+04 5.240654000000000087e+04 3.183222999999999956e+04 2.138052000000000044e+04 2.180943000000000029e+04 5.214916000000000167e+03 1.904585000000000036e+03 4.557038999999999760e+02 1.690422000000000082e+02
6.767914999999999418e+04 4.392616000000000349e+04 2.750920000000000073e+04 1.550113999999999942e+04 1.115482999999999993e+04 5.214916000000000167e+03 6.584668999999999869e+03 9.587487999999999602e+02 2.575312000000000126e+02 5.629218000000000188e+01
2.243827999999999884e+04 1.377104999999999927e+04 9.223138000000000829e+03 6.668823999999999614e+03 3.496032999999999902e+03 1.904585000000000036e+03 9.587487999999999602e+02 1.604858999999999924e+03 1.059800999999999931e+02 2.975427000000000177e+01
5.217085000000000036e+03 3.800500000000000000e+03 2.150867000000000189e+03 1.579607999999999947e+03 8.903631000000000313e+02 4.557038999999999760e+02 2.575312000000000126e+02 1.059800999999999931e+02 2.979929999999999950e+02 6.691982000000000319e+00
2.376835000000000036e+03 1.323472999999999956e+03 7.088179999999999836e+02 5.590193000000000438e+02 2.806578000000000088e+02 1.690422000000000082e+02 5.629218000000000188e+01 2.975427000000000177e+01 6.691982000000000319e+00 6.338962000000000074e+01
