# M_low [Msun/h] M_high[Msun/h] Number M_total[Msun/h]
1.284165999999999919e+01 1.311530999999999914e+01 3.721000000000000000e+05 3.491463000000000000e+18
1.311530999999999914e+01 1.338894999999999946e+01 2.090520000000000000e+05 3.684330000000000000e+18
1.338894999999999946e+01 1.366259999999999941e+01 1.152780000000000000e+05 3.812081000000000000e+18
1.366259999999999941e+01 1.393624999999999936e+01 6.073900000000000000e+04 3.756225000000000000e+18
1.393624999999999936e+01 1.420988999999999969e+01 2.978200000000000000e+04 3.441898000000000000e+18
1.420988999999999969e+01 1.448353999999999964e+01 1.350300000000000000e+04 2.907881000000000000e+18
1.448353999999999964e+01 1.475717999999999996e+01 5.222000000000000000e+03 2.095885000000000000e+18
1.475717999999999996e+01 1.503082999999999991e+01 1.568000000000000000e+03 1.161750000000000000e+18
1.503082999999999991e+01 1.530447999999999986e+01 3.030000000000000000e+02 4.165619000000000000e+17
1.530447999999999986e+01 1.557812000000000019e+01 4.000000000000000000e+01 1.016576000000000000e+17
