# M_low [Msun/h] M_high[Msun/h] Number M_total[Msun/h]
1.284165999999999919e+01 1.301427999999999940e+01 7.944100000000000000e+04 6.633354000000000000e+17
1.301427999999999940e+01 1.318689000000000000e+01 4.182100000000000000e+04 5.192438000000000000e+17
1.318689000000000000e+01 1.335951000000000022e+01 2.117300000000000000e+04 3.898822000000000000e+17
1.335951000000000022e+01 1.353212000000000081e+01 9.771000000000000000e+03 2.672980000000000000e+17
1.353212000000000081e+01 1.370473999999999926e+01 4.102000000000000000e+03 1.659687000000000000e+17
1.370473999999999926e+01 1.387734999999999985e+01 1.471000000000000000e+03 8.866272000000000000e+16
1.387734999999999985e+01 1.404997000000000007e+01 4.120000000000000000e+02 3.643386000000000000e+16
1.404997000000000007e+01 1.422258000000000067e+01 1.300000000000000000e+02 1.727507000000000000e+16
1.422258000000000067e+01 1.439520000000000088e+01 2.200000000000000000e+01 4.282970000000000000e+15
1.439520000000000088e+01 1.456780999999999970e+01 1.000000000000000000e+00 2.765800000000000000e+14
