# M_low [Msun/h] M_high[Msun/h] Number M_total[Msun/h]
1.284165999999999919e+01 1.295156000000000063e+01 1.314700000000000000e+04 1.024986000000000000e+17
1.295156000000000063e+01 1.306146000000000029e+01 7.587000000000000000e+03 7.628832000000000000e+16
1.306146000000000029e+01 1.317135999999999996e+01 4.122000000000000000e+03 5.331352000000000000e+16
1.317135999999999996e+01 1.328125999999999962e+01 2.091000000000000000e+03 3.491972000000000000e+16
1.328125999999999962e+01 1.339115999999999929e+01 1.080000000000000000e+03 2.309970000000000000e+16
1.339115999999999929e+01 1.350104999999999933e+01 5.030000000000000000e+02 1.380369000000000000e+16
1.350104999999999933e+01 1.361095000000000077e+01 2.070000000000000000e+02 7.302178000000000000e+15
1.361095000000000077e+01 1.372085000000000043e+01 7.900000000000000000e+01 3.621962000000000000e+15
1.372085000000000043e+01 1.383075000000000010e+01 3.000000000000000000e+01 1.745473000000000000e+15
1.383075000000000010e+01 1.394064999999999976e+01 1.200000000000000000e+01 9.051160000000000000e+14
