# M_low [Msun/h] M_high[Msun/h] Number M_total[Msun/h]
1.284165999999999919e+01 1.311837000000000053e+01 3.806900000000000000e+05 3.588687000000000000e+18
1.311837000000000053e+01 1.339508000000000010e+01 2.134330000000000000e+05 3.803408000000000000e+18
1.339508000000000010e+01 1.367178999999999967e+01 1.190760000000000000e+05 4.009185000000000000e+18
1.367178999999999967e+01 1.394849999999999923e+01 6.340600000000000000e+04 4.021512000000000000e+18
1.394849999999999923e+01 1.422521000000000058e+01 3.177100000000000000e+04 3.795106000000000000e+18
1.422521000000000058e+01 1.450192000000000014e+01 1.464900000000000000e+04 3.290234000000000000e+18
1.450192000000000014e+01 1.477862999999999971e+01 5.769000000000000000e+03 2.434718000000000000e+18
1.477862999999999971e+01 1.505533999999999928e+01 1.899000000000000000e+03 1.491129000000000000e+18
1.505533999999999928e+01 1.533205000000000062e+01 3.750000000000000000e+02 5.442295000000000000e+17
1.533205000000000062e+01 1.560876000000000019e+01 6.200000000000000000e+01 1.672283000000000000e+17
