# M_low [Msun/h] M_high[Msun/h] Number M_total[Msun/h]
1.284165999999999919e+01 1.307925999999999966e+01 2.654390000000000000e+05 2.385839000000000000e+18
1.307925999999999966e+01 1.331686999999999976e+01 1.451950000000000000e+05 2.253110000000000000e+18
1.331686999999999976e+01 1.355447000000000024e+01 7.637100000000000000e+04 2.045254000000000000e+18
1.355447000000000024e+01 1.379207000000000072e+01 3.725700000000000000e+04 1.718701000000000000e+18
1.379207000000000072e+01 1.402968000000000082e+01 1.641400000000000000e+04 1.300213000000000000e+18
1.402968000000000082e+01 1.426727999999999952e+01 6.290000000000000000e+03 8.495554000000000000e+17
1.426727999999999952e+01 1.450488000000000000e+01 1.965000000000000000e+03 4.559882000000000000e+17
1.450488000000000000e+01 1.474249000000000009e+01 4.900000000000000000e+02 1.910658000000000000e+17
1.474249000000000009e+01 1.498009000000000057e+01 6.400000000000000000e+01 4.329796000000000000e+16
1.498009000000000057e+01 1.521768999999999927e+01 7.000000000000000000e+00 8.064460000000000000e+15
