# M_low [Msun/h] M_high[Msun/h] Number M_total[Msun/h]
1.284165999999999919e+01 1.307014000000000031e+01 2.374960000000000000e+05 2.113209000000000000e+18
1.307014000000000031e+01 1.329861000000000004e+01 1.291810000000000000e+05 1.942986000000000000e+18
1.329861000000000004e+01 1.352708999999999939e+01 6.781700000000000000e+04 1.722162000000000000e+18
1.352708999999999939e+01 1.375557000000000052e+01 3.258100000000000000e+04 1.394872000000000000e+18
1.375557000000000052e+01 1.398404000000000025e+01 1.431500000000000000e+04 1.030512000000000000e+18
1.398404000000000025e+01 1.421251999999999960e+01 5.256000000000000000e+03 6.342069000000000000e+17
1.421251999999999960e+01 1.444098999999999933e+01 1.694000000000000000e+03 3.432067000000000000e+17
1.444098999999999933e+01 1.466947000000000045e+01 3.970000000000000000e+02 1.335110000000000000e+17
1.466947000000000045e+01 1.489794999999999980e+01 5.400000000000000000e+01 3.040463000000000000e+16
1.489794999999999980e+01 1.512641999999999953e+01 7.000000000000000000e+00 7.089310000000000000e+15
