2.404876000000000000e+06 1.318152000000000000e+06 8.171921999999999534e+05 4.911682999999999884e+05 2.865595999999999767e+05 1.475213999999999942e+05 6.671311000000000058e+04 2.265443999999999869e+04 3.437514999999999873e+03 1.226961999999999989e+03
1.318152000000000000e+06 1.048808000000000000e+06 5.107575000000000000e+05 3.095819000000000233e+05 1.840650000000000000e+05 9.428407000000000698e+04 4.193540000000000146e+04 1.479888999999999942e+04 2.449713999999999942e+03 8.675638999999999896e+02
8.171921999999999534e+05 5.107575000000000000e+05 4.116372999999999884e+05 1.937585000000000000e+05 1.138456999999999971e+05 5.714780999999999767e+04 2.519308000000000175e+04 8.550879999999999200e+03 1.497374000000000024e+03 5.403994999999999891e+02
4.911682999999999884e+05 3.095819000000000233e+05 1.937585000000000000e+05 1.738365000000000000e+05 7.077758000000000175e+04 3.448762000000000262e+04 1.535437000000000080e+04 5.871244999999999891e+03 7.314747999999999593e+02 3.701349999999999909e+02
2.865595999999999767e+05 1.840650000000000000e+05 1.138456999999999971e+05 7.077758000000000175e+04 6.666375999999999476e+04 2.097418999999999869e+04 9.708995999999999185e+03 3.436536999999999807e+03 4.979707999999999970e+02 1.650948999999999955e+02
1.475213999999999942e+05 9.428407000000000698e+04 5.714780999999999767e+04 3.448762000000000262e+04 2.097418999999999869e+04 2.220947000000000116e+04 4.635015000000000327e+03 1.520267000000000053e+03 3.545094000000000278e+02 6.867029999999999745e+01
6.671311000000000058e+04 4.193540000000000146e+04 2.519308000000000175e+04 1.535437000000000080e+04 9.708995999999999185e+03 4.635015000000000327e+03 5.963447000000000116e+03 8.794274000000000342e+02 1.523425000000000011e+02 5.136043000000000092e+01
2.265443999999999869e+04 1.479888999999999942e+04 8.550879999999999200e+03 5.871244999999999891e+03 3.436536999999999807e+03 1.520267000000000053e+03 8.794274000000000342e+02 1.344423999999999978e+03 4.199593999999999738e+01 2.906032000000000082e+01
3.437514999999999873e+03 2.449713999999999942e+03 1.497374000000000024e+03 7.314747999999999593e+02 4.979707999999999970e+02 3.545094000000000278e+02 1.523425000000000011e+02 4.199593999999999738e+01 2.005762000000000000e+02 -1.543854000000000060e+00
1.226961999999999989e+03 8.675638999999999896e+02 5.403994999999999891e+02 3.701349999999999909e+02 1.650948999999999955e+02 6.867029999999999745e+01 5.136043000000000092e+01 2.906032000000000082e+01 -1.543854000000000060e+00 3.061976999999999904e+01
