# M_low [Msun/h] M_high[Msun/h] Number M_total[Msun/h]
1.284165999999999919e+01 1.308059000000000083e+01 3.025390000000000000e+05 2.728682000000000000e+18
1.308059000000000083e+01 1.331953000000000031e+01 1.736640000000000000e+05 2.716899000000000000e+18
1.331953000000000031e+01 1.355846000000000018e+01 9.628300000000000000e+04 2.605016000000000000e+18
1.355846000000000018e+01 1.379739999999999966e+01 5.156600000000000000e+04 2.410064000000000000e+18
1.379739999999999966e+01 1.403633999999999915e+01 2.508600000000000000e+04 2.027516000000000000e+18
1.403633999999999915e+01 1.427527000000000079e+01 1.135700000000000000e+04 1.579054000000000000e+18
1.427527000000000079e+01 1.451421000000000028e+01 4.266000000000000000e+03 1.023935000000000000e+18
1.451421000000000028e+01 1.475314000000000014e+01 1.248000000000000000e+03 5.136257000000000000e+17
1.475314000000000014e+01 1.499207999999999963e+01 2.830000000000000000e+02 1.982726000000000000e+17
1.499207999999999963e+01 1.523100999999999949e+01 5.300000000000000000e+01 6.383656000000000000e+16
