# M_low [Msun/h] M_high[Msun/h] Number M_total[Msun/h]
1.284165999999999919e+01 1.310815000000000019e+01 3.565610000000000000e+05 3.318835000000000000e+18
1.310815000000000019e+01 1.337463999999999942e+01 1.989020000000000000e+05 3.421186000000000000e+18
1.337463999999999942e+01 1.364113000000000042e+01 1.093110000000000000e+05 3.462987000000000000e+18
1.364113000000000042e+01 1.390761000000000003e+01 5.690100000000000000e+04 3.315309000000000000e+18
1.390761000000000003e+01 1.417409999999999926e+01 2.743800000000000000e+04 2.942717000000000000e+18
1.417409999999999926e+01 1.444059000000000026e+01 1.205300000000000000e+04 2.364915000000000000e+18
1.444059000000000026e+01 1.470707999999999949e+01 4.503000000000000000e+03 1.619438000000000000e+18
1.470707999999999949e+01 1.497357000000000049e+01 1.267000000000000000e+03 8.279275000000000000e+17
1.497357000000000049e+01 1.524005999999999972e+01 2.280000000000000000e+02 2.736923000000000000e+17
1.524005999999999972e+01 1.550655000000000072e+01 3.000000000000000000e+01 6.335320000000000000e+16
