2.813953000000000000e+06 1.521753000000000000e+06 9.433438000000000466e+05 6.152431999999999534e+05 3.564952000000000116e+05 1.713150000000000000e+05 1.013143999999999942e+05 3.947650000000000000e+04 8.912941000000000713e+03 1.378989000000000033e+03
1.521753000000000000e+06 1.136405000000000000e+06 5.761318000000000466e+05 3.743959000000000233e+05 2.164012999999999884e+05 1.048266999999999971e+05 6.301361000000000058e+04 2.430168999999999869e+04 4.808270000000000437e+03 7.653147999999999911e+02
9.433438000000000466e+05 5.761318000000000466e+05 4.577502999999999884e+05 2.318720000000000000e+05 1.350456000000000058e+05 6.430206999999999971e+04 3.788631999999999971e+04 1.510156999999999971e+04 3.408170000000000073e+03 4.749766999999999939e+02
6.152431999999999534e+05 3.743959000000000233e+05 2.318720000000000000e+05 2.119065000000000000e+05 9.008346000000000640e+04 4.154220999999999913e+04 2.428213000000000102e+04 1.005113999999999942e+04 2.343264000000000124e+03 2.253247000000000071e+02
3.564952000000000116e+05 2.164012999999999884e+05 1.350456000000000058e+05 9.008346000000000640e+04 7.984330999999999767e+04 2.647411000000000058e+04 1.499552000000000044e+04 5.992896999999999935e+03 1.302556000000000040e+03 2.647631000000000085e+02
1.713150000000000000e+05 1.048266999999999971e+05 6.430206999999999971e+04 4.154220999999999913e+04 2.647411000000000058e+04 2.741809000000000015e+04 7.471328000000000429e+03 2.946297000000000025e+03 6.676602000000000317e+02 3.201547000000000054e+01
1.013143999999999942e+05 6.301361000000000058e+04 3.788631999999999971e+04 2.428213000000000102e+04 1.499552000000000044e+04 7.471328000000000429e+03 9.485118000000000393e+03 1.655384999999999991e+03 3.838854999999999791e+02 3.296674000000000149e+01
3.947650000000000000e+04 2.430168999999999869e+04 1.510156999999999971e+04 1.005113999999999942e+04 5.992896999999999935e+03 2.946297000000000025e+03 1.655384999999999991e+03 2.233628999999999905e+03 1.627439999999999998e+02 2.545019999999999882e+01
8.912941000000000713e+03 4.808270000000000437e+03 3.408170000000000073e+03 2.343264000000000124e+03 1.302556000000000040e+03 6.676602000000000317e+02 3.838854999999999791e+02 1.627439999999999998e+02 3.629751999999999725e+02 1.230405000000000015e+01
1.378989000000000033e+03 7.653147999999999911e+02 4.749766999999999939e+02 2.253247000000000071e+02 2.647631000000000085e+02 3.201547000000000054e+01 3.296674000000000149e+01 2.545019999999999882e+01 1.230405000000000015e+01 3.879907000000000039e+01
