# M_low [Msun/h] M_high[Msun/h] Number M_total[Msun/h]
1.284165999999999919e+01 1.307751000000000019e+01 2.830600000000000000e+05 2.544477000000000000e+18
1.307751000000000019e+01 1.331337000000000081e+01 1.590710000000000000e+05 2.460956000000000000e+18
1.331337000000000081e+01 1.354922000000000004e+01 8.707500000000000000e+04 2.313467000000000000e+18
1.354922000000000004e+01 1.378506999999999927e+01 4.493900000000000000e+04 2.046567000000000000e+18
1.378506999999999927e+01 1.402092999999999989e+01 2.122100000000000000e+04 1.658203000000000000e+18
1.402092999999999989e+01 1.425677999999999912e+01 9.011000000000000000e+03 1.200588000000000000e+18
1.425677999999999912e+01 1.449263000000000012e+01 3.175000000000000000e+03 7.257626000000000000e+17
1.449263000000000012e+01 1.472849000000000075e+01 8.580000000000000000e+02 3.312229000000000000e+17
1.472849000000000075e+01 1.496433999999999997e+01 1.750000000000000000e+02 1.134578000000000000e+17
1.496433999999999997e+01 1.520018999999999920e+01 2.500000000000000000e+01 2.749002000000000000e+16
