# M_low [Msun/h] M_high[Msun/h] Number M_total[Msun/h]
1.283083000000000062e+01 1.290349999999999930e+01 1.397000000000000000e+03 1.023557000000000000e+16
1.290349999999999930e+01 1.297617999999999938e+01 8.070000000000000000e+02 6.975475000000000000e+15
1.297617999999999938e+01 1.304884999999999984e+01 5.030000000000000000e+02 5.144965000000000000e+15
1.304884999999999984e+01 1.312152000000000029e+01 3.160000000000000000e+02 3.820757000000000000e+15
1.312152000000000029e+01 1.319419000000000075e+01 1.780000000000000000e+02 2.555005000000000000e+15
1.319419000000000075e+01 1.326687000000000083e+01 1.100000000000000000e+02 1.844157000000000000e+15
1.326687000000000083e+01 1.333953999999999951e+01 4.000000000000000000e+01 8.043520000000000000e+14
1.333953999999999951e+01 1.341220999999999997e+01 2.700000000000000000e+01 6.339920000000000000e+14
1.341220999999999997e+01 1.348488000000000042e+01 1.100000000000000000e+01 3.052600000000000000e+14
1.348488000000000042e+01 1.355756000000000050e+01 4.000000000000000000e+00 1.289740000000000000e+14
