# M_low [Msun/h] M_high[Msun/h] Number M_total[Msun/h]
1.283083000000000062e+01 1.297193000000000040e+01 2.388400000000000000e+04 1.876322000000000000e+17
1.297193000000000040e+01 1.311302000000000056e+01 1.267100000000000000e+04 1.377996000000000000e+17
1.311302000000000056e+01 1.325411000000000072e+01 6.162000000000000000e+03 9.255817000000000000e+16
1.325411000000000072e+01 1.339521000000000051e+01 2.832000000000000000e+03 5.889612000000000000e+16
1.339521000000000051e+01 1.353630000000000067e+01 1.185000000000000000e+03 3.386884000000000000e+16
1.353630000000000067e+01 1.367740000000000045e+01 4.350000000000000000e+02 1.717260000000000000e+16
1.367740000000000045e+01 1.381849000000000061e+01 1.380000000000000000e+02 7.416823000000000000e+15
1.381849000000000061e+01 1.395958000000000077e+01 4.400000000000000000e+01 3.299678000000000000e+15
1.395958000000000077e+01 1.410068000000000055e+01 1.000000000000000000e+01 1.016169000000000000e+15
1.410068000000000055e+01 1.424177000000000071e+01 1.000000000000000000e+00 1.298900000000000000e+14
