# M_low [Msun/h] M_high[Msun/h] Number M_total[Msun/h]
1.283083000000000062e+01 1.303537000000000035e+01 1.657550000000000000e+05 1.400359000000000000e+18
1.303537000000000035e+01 1.323991999999999969e+01 8.991700000000000000e+04 1.215461000000000000e+18
1.323991999999999969e+01 1.344445999999999941e+01 4.689000000000000000e+04 1.012093000000000000e+18
1.344445999999999941e+01 1.364899999999999913e+01 2.212700000000000000e+04 7.632958000000000000e+17
1.364899999999999913e+01 1.385354000000000063e+01 9.514000000000000000e+03 5.226981000000000000e+17
1.385354000000000063e+01 1.405808000000000035e+01 3.731000000000000000e+03 3.269234000000000000e+17
1.405808000000000035e+01 1.426262999999999970e+01 1.170000000000000000e+03 1.620600000000000000e+17
1.426262999999999970e+01 1.446716999999999942e+01 3.090000000000000000e+02 6.828214000000000000e+16
1.446716999999999942e+01 1.467170999999999914e+01 5.900000000000000000e+01 2.035569000000000000e+16
1.467170999999999914e+01 1.487625000000000064e+01 5.000000000000000000e+00 3.097530000000000000e+15
