# M_low [Msun/h] M_high[Msun/h] Number M_total[Msun/h]
1.283083000000000062e+01 1.309708000000000006e+01 3.134920000000000000e+05 2.835032000000000000e+18
1.309708000000000006e+01 1.336331999999999987e+01 1.625730000000000000e+05 2.710881000000000000e+18
1.336331999999999987e+01 1.362956999999999930e+01 8.052800000000000000e+04 2.470313000000000000e+18
1.362956999999999930e+01 1.389581000000000088e+01 3.645400000000000000e+04 2.050833000000000000e+18
1.389581000000000088e+01 1.416205000000000069e+01 1.470800000000000000e+04 1.515879000000000000e+18
1.416205000000000069e+01 1.442830000000000013e+01 4.949000000000000000e+03 9.331848000000000000e+17
1.442830000000000013e+01 1.469453999999999994e+01 1.339000000000000000e+03 4.544536000000000000e+17
1.469453999999999994e+01 1.496078999999999937e+01 2.410000000000000000e+02 1.475676000000000000e+17
1.496078999999999937e+01 1.522702999999999918e+01 2.200000000000000000e+01 2.497776000000000000e+16
1.522702999999999918e+01 1.549328000000000038e+01 1.000000000000000000e+00 2.118500000000000000e+15
