# M_low [Msun/h] M_high[Msun/h] Number M_total[Msun/h]
1.283083000000000062e+01 1.310806999999999967e+01 3.610030000000000000e+05 3.310621000000000000e+18
1.310806999999999967e+01 1.338531000000000049e+01 1.917440000000000000e+05 3.322126000000000000e+18
1.338531000000000049e+01 1.366254999999999953e+01 9.765200000000000000e+04 3.195834000000000000e+18
1.366254999999999953e+01 1.393979000000000035e+01 4.623600000000000000e+04 2.851090000000000000e+18
1.393979000000000035e+01 1.421702999999999939e+01 1.970800000000000000e+04 2.288637000000000000e+18
1.421702999999999939e+01 1.449427000000000021e+01 7.178000000000000000e+03 1.559716000000000000e+18
1.449427000000000021e+01 1.477150999999999925e+01 2.116000000000000000e+03 8.553205000000000000e+17
1.477150999999999925e+01 1.504875000000000007e+01 4.400000000000000000e+02 3.285643000000000000e+17
1.504875000000000007e+01 1.532598999999999911e+01 5.400000000000000000e+01 7.113420000000000000e+16
1.532598999999999911e+01 1.560322999999999993e+01 4.000000000000000000e+00 1.136230000000000000e+16
