# M_low [Msun/h] M_high[Msun/h] Number M_total[Msun/h]
1.283083000000000062e+01 1.306540999999999997e+01 2.361500000000000000e+05 2.062859000000000000e+18
1.306540999999999997e+01 1.329998999999999931e+01 1.253740000000000000e+05 1.878726000000000000e+18
1.329998999999999931e+01 1.353457000000000043e+01 6.342600000000000000e+04 1.626280000000000000e+18
1.353457000000000043e+01 1.376914000000000016e+01 2.950000000000000000e+04 1.291103000000000000e+18
1.376914000000000016e+01 1.400371999999999950e+01 1.201100000000000000e+04 8.971780000000000000e+17
1.400371999999999950e+01 1.423830000000000062e+01 4.397000000000000000e+03 5.588302000000000000e+17
1.423830000000000062e+01 1.447287999999999997e+01 1.283000000000000000e+03 2.761696000000000000e+17
1.447287999999999997e+01 1.470745999999999931e+01 2.840000000000000000e+02 1.023157000000000000e+17
1.470745999999999931e+01 1.494203000000000081e+01 3.500000000000000000e+01 2.131363000000000000e+16
1.494203000000000081e+01 1.517661000000000016e+01 3.000000000000000000e+00 3.167240000000000000e+15
