# M_low [Msun/h] M_high[Msun/h] Number M_total[Msun/h]
1.283083000000000062e+01 1.303095000000000070e+01 1.402600000000000000e+05 1.178833000000000000e+18
1.303095000000000070e+01 1.323105999999999938e+01 7.423300000000000000e+04 9.884645000000000000e+17
1.323105999999999938e+01 1.343117999999999945e+01 3.748300000000000000e+04 7.883555000000000000e+17
1.343117999999999945e+01 1.363128999999999991e+01 1.721700000000000000e+04 5.713748000000000000e+17
1.363128999999999991e+01 1.383140999999999998e+01 7.087000000000000000e+03 3.720052000000000000e+17
1.383140999999999998e+01 1.403152000000000044e+01 2.704000000000000000e+03 2.226813000000000000e+17
1.403152000000000044e+01 1.423162999999999911e+01 7.420000000000000000e+02 9.634861000000000000e+16
1.423162999999999911e+01 1.443174999999999919e+01 2.100000000000000000e+02 4.236807000000000000e+16
1.443174999999999919e+01 1.463185999999999964e+01 3.200000000000000000e+01 1.019146000000000000e+16
1.463185999999999964e+01 1.483197999999999972e+01 3.000000000000000000e+00 1.718920000000000000e+15
