# M_low [Msun/h] M_high[Msun/h] Number M_total[Msun/h]
1.283083000000000062e+01 1.305232999999999954e+01 2.014230000000000000e+05 1.733890000000000000e+18
1.305232999999999954e+01 1.327383000000000024e+01 1.068720000000000000e+05 1.531558000000000000e+18
1.327383000000000024e+01 1.349532999999999916e+01 5.465900000000000000e+04 1.300177000000000000e+18
1.349532999999999916e+01 1.371682999999999986e+01 2.536500000000000000e+04 1.000296000000000000e+18
1.371682999999999986e+01 1.393833000000000055e+01 1.044100000000000000e+04 6.825692000000000000e+17
1.393833000000000055e+01 1.415982999999999947e+01 3.849000000000000000e+03 4.165814000000000000e+17
1.415982999999999947e+01 1.438133000000000017e+01 1.141000000000000000e+03 2.026605000000000000e+17
1.438133000000000017e+01 1.460283000000000087e+01 2.720000000000000000e+02 7.899968000000000000e+16
1.460283000000000087e+01 1.482432999999999979e+01 3.500000000000000000e+01 1.639260000000000000e+16
1.482432999999999979e+01 1.504583000000000048e+01 4.000000000000000000e+00 3.438880000000000000e+15
