# M_low [Msun/h] M_high[Msun/h] Number M_total[Msun/h]
1.283083000000000062e+01 1.310623999999999967e+01 3.454680000000000000e+05 3.160194000000000000e+18
1.310623999999999967e+01 1.338164000000000087e+01 1.800520000000000000e+05 3.100269000000000000e+18
1.338164000000000087e+01 1.365704000000000029e+01 9.032700000000000000e+04 2.923911000000000000e+18
1.365704000000000029e+01 1.393244999999999933e+01 4.161500000000000000e+04 2.523422000000000000e+18
1.393244999999999933e+01 1.420785000000000053e+01 1.709800000000000000e+04 1.942712000000000000e+18
1.420785000000000053e+01 1.448325999999999958e+01 5.959000000000000000e+03 1.262774000000000000e+18
1.448325999999999958e+01 1.475866000000000078e+01 1.655000000000000000e+03 6.466521000000000000e+17
1.475866000000000078e+01 1.503406999999999982e+01 3.070000000000000000e+02 2.204497000000000000e+17
1.503406999999999982e+01 1.530946999999999925e+01 3.200000000000000000e+01 3.989840000000000000e+16
1.530946999999999925e+01 1.558487000000000045e+01 3.000000000000000000e+00 7.497800000000000000e+15
