# M_low [Msun/h] M_high[Msun/h] Number M_total[Msun/h]
1.283083000000000062e+01 1.308506000000000036e+01 2.776420000000000000e+05 2.478050000000000000e+18
1.308506000000000036e+01 1.333929000000000009e+01 1.438270000000000000e+05 2.300811000000000000e+18
1.333929000000000009e+01 1.359351999999999983e+01 7.119600000000000000e+04 2.037744000000000000e+18
1.359351999999999983e+01 1.384774999999999956e+01 3.214300000000000000e+04 1.643145000000000000e+18
1.384774999999999956e+01 1.410197999999999929e+01 1.262300000000000000e+04 1.149488000000000000e+18
1.410197999999999929e+01 1.435621000000000080e+01 4.325000000000000000e+03 7.008761000000000000e+17
1.435621000000000080e+01 1.461044000000000054e+01 1.161000000000000000e+03 3.314853000000000000e+17
1.461044000000000054e+01 1.486467000000000027e+01 2.030000000000000000e+02 1.019538000000000000e+17
1.486467000000000027e+01 1.511890000000000001e+01 2.300000000000000000e+01 2.052170000000000000e+16
1.511890000000000001e+01 1.537312999999999974e+01 1.000000000000000000e+00 1.766200000000000000e+15
